1 6 -1 -1 0 0 0 12 0 1 100 0 100 -34 -34 0 0 0 0 1 0 0 0 1 0 0 
2 30 -1 -1 690 0 0 10 0 1 100 0 100 -6 -6 0 0 0 0 1 0 0 0 1 0 0 
3 6 -1 -1 40 0 0 12 0 1 100 0 100 -34 -34 0 0 0 0 1 0 0 0 1 0 0 
4 6 -1 -1 60 0 0 12 0 1 100 0 100 -34 -34 0 0 0 0 1 0 0 0 1 0 0 
5 6 -1 -1 80 0 0 12 0 1 100 0 100 -34 -34 0 0 0 0 1 0 0 0 1 0 0 
6 6 -1 -1 100 0 0 12 0 1 100 0 100 -34 -34 0 0 0 0 1 0 0 0 1 0 0 
7 6 -1 -1 120 0 0 12 0 1 100 0 100 -34 -34 0 0 0 0 1 0 0 0 1 0 0 
8 6 -1 -1 140 0 0 12 0 1 100 0 100 -34 -34 0 0 0 0 1 0 0 0 1 0 0 
9 6 -1 -1 160 0 0 12 0 1 100 0 100 -34 -34 0 0 0 0 1 0 0 0 1 0 0 
10 6 -1 -1 180 0 0 12 0 1 100 0 100 -34 -34 0 0 0 0 1 0 0 0 1 0 0 
11 6 -1 -1 240 0 0 12 0 1 100 0 100 -34 -34 0 0 0 0 1 0 0 0 1 0 0 
12 30 -1 -1 700 0 0 10 0 1 100 0 100 -6 -6 0 0 0 0 1 0 0 0 1 0 0 
13 6 -1 -1 280 0 0 12 0 1 100 0 100 -34 -34 0 0 0 0 1 0 0 0 1 0 0 
14 6 -1 -1 300 0 0 12 0 1 100 0 100 -34 -34 0 0 0 0 1 0 0 0 1 0 0 
15 6 -1 -1 320 0 0 12 0 1 100 0 100 -34 -34 0 0 0 0 1 0 0 0 1 0 0 
16 6 -1 -1 340 0 0 12 0 1 100 0 100 -34 -34 0 0 0 0 1 0 0 0 1 0 0 
17 6 -1 -1 360 0 0 12 0 1 100 0 100 -34 -34 0 0 0 0 1 0 0 0 1 0 0 
18 6 -1 -1 380 0 0 12 0 1 100 0 100 -34 -34 0 0 0 0 1 0 0 0 1 0 0 
19 6 -1 -1 400 0 0 12 0 1 100 0 100 -34 -34 0 0 0 0 1 0 0 0 1 0 0 
20 6 -1 -1 420 0 0 12 0 1 100 0 100 -34 -34 0 0 0 0 1 0 0 0 1 0 0 
21 6 -1 -1 480 0 0 12 0 1 100 0 100 -34 -34 0 0 0 0 1 0 0 0 1 0 0 
22 30 -1 -1 680 0 0 10 0 1 100 0 100 0 0 0 0 0 0 1 0 0 0 1 0 0 
23 6 -1 -1 520 0 0 12 0 1 100 0 100 -34 -34 0 0 0 0 1 0 0 0 1 0 0 
24 6 -1 -1 540 0 0 12 0 1 100 0 100 -34 -34 0 0 0 0 1 0 0 0 1 0 0 
25 6 -1 -1 560 0 0 12 0 1 100 0 100 -34 -34 0 0 0 0 1 0 0 0 1 0 0 
26 6 -1 -1 580 0 0 12 0 1 100 0 100 -34 -34 0 0 0 0 1 0 0 0 1 0 0 
27 6 -1 -1 600 0 0 12 0 1 100 0 100 -34 -34 0 0 0 0 1 0 0 0 1 0 0 
28 6 -1 -1 620 0 0 12 0 1 100 0 100 -34 -34 0 0 0 0 1 0 0 0 1 0 0 
29 6 -1 -1 640 0 0 12 0 1 100 0 100 -34 -34 0 0 0 0 1 0 0 0 1 0 0 
30 6 -1 -1 660 0 0 12 0 1 100 0 100 -34 -34 0 0 0 0 1 0 0 0 1 0 0 
31 6 -1 -1 720 0 0 12 0 1 100 0 100 -34 -34 0 0 0 0 1 0 0 0 1 0 0 
32 30 -1 -1 720 0 0 10 0 1 100 0 100 -6 -6 0 0 0 0 1 0 0 0 1 0 0 
33 6 -1 -1 760 0 0 12 0 1 100 0 100 -34 -34 0 0 0 0 1 0 0 0 1 0 0 
34 6 -1 -1 780 0 0 12 0 1 100 0 100 -34 -34 0 0 0 0 1 0 0 0 1 0 0 
35 6 -1 -1 800 0 0 12 0 1 100 0 100 -34 -34 0 0 0 0 1 0 0 0 1 0 0 
36 6 -1 -1 820 0 0 12 0 1 100 0 100 -34 -34 0 0 0 0 1 0 0 0 1 0 0 
37 6 -1 -1 840 0 0 12 0 1 100 0 100 -34 -34 0 0 0 0 1 0 0 0 1 0 0 
38 6 -1 -1 860 0 0 12 0 1 100 0 100 -34 -34 0 0 0 0 1 0 0 0 1 0 0 
39 6 -1 -1 880 0 0 12 0 1 100 0 100 -34 -34 0 0 0 0 1 0 0 0 1 0 0 
40 6 -1 -1 900 0 0 12 0 1 100 0 100 -34 -34 0 0 0 0 1 0 0 0 1 0 0 
41 6 -1 -1 960 0 0 12 0 1 100 0 100 -34 -34 0 0 0 0 1 0 0 0 1 0 0 
42 30 -1 -1 730 0 0 10 0 1 100 0 100 -6 -6 0 0 0 0 1 0 0 0 1 0 0 
43 6 -1 -1 1000 0 0 12 0 1 100 0 100 -34 -34 0 0 0 0 1 0 0 0 1 0 0 
44 6 -1 -1 1020 0 0 12 0 1 100 0 100 -34 -34 0 0 0 0 1 0 0 0 1 0 0 
45 6 -1 -1 1040 0 0 12 0 1 100 0 100 -34 -34 0 0 0 0 1 0 0 0 1 0 0 
46 6 -1 -1 1060 0 0 12 0 1 100 0 100 -34 -34 0 0 0 0 1 0 0 0 1 0 0 
47 6 -1 -1 1080 0 0 12 0 1 100 0 100 -34 -34 0 0 0 0 1 0 0 0 1 0 0 
48 6 -1 -1 1100 0 0 12 0 1 100 0 100 -34 -34 0 0 0 0 1 0 0 0 1 0 0 
49 6 -1 -1 1120 0 0 12 0 1 100 0 100 -34 -34 0 0 0 0 1 0 0 0 1 0 0 
50 6 -1 -1 1140 0 0 12 0 1 100 0 100 -34 -34 0 0 0 0 1 0 0 0 1 0 0 
67 30 -1 30 818 0 818 12 0 12 100 0 100 0 0 0 0 0 0 0 0 0 0 0 0 0 法器特效
68 7 -1 7 100 0 100 10 0 10 100 0 100 0 0 0 0 0 0 0 0 0 0 0 0 0 终极特殊
69 7 -1 7 110 0 110 20 0 20 100 0 100 0 0 0 0 0 0 0 0 0 0 0 0 0 特殊项链
70 7 -1 7 130 0 130 10 0 10 100 0 100 0 0 0 0 0 0 0 0 0 0 0 0 0 特殊手镯
71 7 -1 7 130 0 140 10 0 10 100 0 100 120 110 0 0 0 0 0 0 0 0 0 0 0 特殊盾牌
72 7 -1 7 150 0 150 9 0 9 100 0 100 0 0 0 0 0 0 0 0 0 0 0 0 0 神器戒指
73 7 -1 7 160 0 160 9 0 9 100 0 100 0 0 0 0 0 0 0 0 0 0 0 0 0 特殊酒
74 7 -1 7 170 0 170 15 0 15 100 0 100 0 0 0 0 0 0 0 0 0 0 0 0 0 附魔卷轴
75 8 9 -1 0 0 460 14 0 10 100 0 100 96 59 0 0 0 0 0 0 0 0 0 0 0 一转武器
76 8 9 -1 14 1200 460 10 0 10 100 0 100 93 16 0 0 0 0 0 0 0 0 0 0 0 二转武器
77 8 9 -1 24 2400 460 14 0 10 100 0 100 94 50 0 0 0 0 0 0 0 0 0 0 0 三转武器
78 8 9 -1 38 3600 460 10 0 10 100 0 100 0 0 0 0 0 0 0 0 0 0 0 0 0 四转武器
79 8 10 -1 48 0 470 10 0 10 100 0 100 -15 -48 0 0 16 16 0 0 0 0 1 0 0 顶级武器1_1
80 8 10 -1 58 1200 480 10 0 10 100 0 100 -15 -48 0 0 16 16 0 0 0 0 1 0 0 顶级武器1_2
81 8 10 -1 68 2400 490 10 0 10 100 0 100 -16 -50 0 0 16 16 0 0 0 0 1 0 0 顶级武器1_3
82 8 10 -1 78 3600 470 10 0 10 100 0 100 -20 -53 0 0 16 16 0 0 0 0 1 0 0 顶级武器2_1
83 8 10 -1 88 4800 480 10 0 10 100 0 100 -20 -53 0 0 16 16 0 0 0 0 1 0 0 顶级武器2_2
84 8 10 -1 98 6000 490 10 0 10 100 0 100 -20 -53 0 0 16 16 0 0 0 0 1 0 0 顶级武器2_3
85 8 10 -1 108 7200 470 10 0 10 100 0 100 -17 -41 0 0 16 16 0 0 0 0 1 0 0 顶级武器3_1
86 8 10 -1 118 8400 480 10 0 10 100 0 100 -17 -41 0 0 16 16 0 0 0 0 1 0 0 顶级武器3_2
87 8 10 -1 128 9600 490 10 0 10 100 0 100 -17 -41 0 0 16 16 0 0 0 0 1 0 0 顶级武器3_3
88 8 10 -1 138 10800 470 10 0 10 100 0 100 -18 -62 0 0 16 16 0 0 0 0 1 0 0 顶级武器4_1
89 8 10 -1 148 12000 480 20 0 10 100 0 100 -18 -62 0 0 16 16 0 0 0 0 1 0 0 顶级武器4_2
90 8 10 -1 168 13200 490 20 0 10 100 0 100 -18 -62 0 0 16 16 0 0 0 0 1 0 0 顶级武器4_3
91 8 10 -1 188 14400 0 10 0 1 100 0 100 -16 -51 0 0 0 0 0 0 0 0 1 0 0 顶级武器5_1
92 8 10 -1 198 15600 480 10 0 10 100 0 100 -16 -51 0 0 16 16 0 0 0 0 1 0 0 顶级武器5_2
93 8 10 -1 208 16800 0 10 0 1 100 0 100 -16 -51 0 0 0 0 0 0 0 0 1 0 0 顶级武器5_3
94 8 10 -1 258 21600 470 10 0 10 100 0 100 -22 -30 0 0 16 16 0 0 0 0 1 0 0 顶级武器6_1
95 8 10 -1 268 22800 480 10 0 10 100 0 100 -22 -30 0 0 16 16 0 0 0 0 1 0 0 顶级武器6_2
96 8 10 -1 278 24000 490 20 0 10 100 0 100 -22 -30 0 0 16 16 0 0 0 0 1 0 0 顶级武器6_3
98 11 -1 -1 0 0 400 0 0 10 100 0 100 0 0 0 0 0 0 0 0 0 0 0 0 0 顶级衣1_1
99 11 -1 -1 0 0 400 0 0 10 100 0 100 0 0 0 0 0 0 0 0 0 0 0 0 0 顶级衣1_2
100 11 -1 -1 0 0 400 0 0 10 100 0 100 0 0 0 0 0 0 0 0 0 0 0 0 0 顶级衣2_1
101 11 -1 -1 0 0 400 0 0 10 100 0 100 0 0 0 0 0 0 0 0 0 0 0 0 0 顶级衣2_2
102 11 -1 -1 0 0 400 0 0 10 100 0 100 0 0 0 0 0 0 0 0 0 0 0 0 0 顶级衣1_3
103 11 -1 -1 0 0 400 0 0 10 100 0 100 0 0 0 0 0 0 0 0 0 0 0 0 0 顶级衣1_4
104 11 -1 -1 0 0 400 0 0 10 100 0 100 0 0 0 0 0 0 0 0 0 0 0 0 0 顶级衣2_3
105 11 -1 -1 0 0 400 0 0 10 100 0 100 0 0 0 0 0 0 0 0 0 0 0 0 0 顶级衣2_4
106 11 12 -1 2466 6000 470 10 0 10 100 0 100 87 60 0 0 10 10 0 0 0 0 0 0 0 顶级衣3_1
107 11 12 -1 2502 6000 470 10 0 10 100 0 100 87 60 0 0 10 10 0 0 0 0 0 0 0 顶级衣3_2
108 11 12 -1 2980 10200 470 11 0 10 100 0 100 87 36 0 0 10 10 0 0 1 0 0 0 0 顶级衣4_1
109 11 12 -1 2394 0 0 10 0 1 100 0 100 100 122 0 0 0 0 0 0 0 0 0 0 0 昔日孤星男
110 11 12 -1 2421 0 0 10 0 1 100 0 100 100 122 0 0 0 0 0 0 0 0 0 0 0 昔日孤星女
111 11 12 -1 2405 1200 0 14 0 1 100 0 100 100 122 0 0 0 0 0 0 0 0 0 0 0 怀恋孤星男
112 11 12 -1 2405 1200 0 14 0 1 100 0 100 100 122 0 0 0 0 0 0 0 0 0 0 0 怀恋孤星女
113 11 12 -1 2450 4800 0 12 0 1 100 0 100 100 122 0 0 0 0 0 0 0 0 0 0 0 昔日太虚男
114 11 12 -1 2450 4800 0 12 0 1 100 0 100 100 122 0 0 0 0 0 0 0 0 0 0 0 昔日太虚女
115 11 12 -1 2466 6000 0 10 0 1 100 0 100 100 108 0 0 0 0 0 0 0 0 0 0 0 怀恋太虚男
116 11 12 -1 2466 6000 0 10 0 1 100 0 100 100 108 0 0 0 0 0 0 0 0 0 0 0 怀恋太虚女
117 11 12 -1 3400 21600 480 12 0 10 100 0 100 84 68 0 0 10 10 0 0 0 0 0 0 0 顶级衣6_2
118 11 12 -1 2520 2400 0 12 0 1 100 0 100 100 122 0 0 0 0 0 0 0 0 0 0 0 昔日战月男
119 11 12 -1 2556 2400 0 12 0 1 100 0 100 100 122 0 0 0 0 0 0 0 0 0 0 0 昔日战月女
120 11 12 -1 3240 18000 480 10 0 10 100 0 100 100 122 0 0 10 10 0 0 0 0 0 0 0 昔日太虚战月男
121 11 12 -1 3250 18000 480 10 0 10 100 0 100 100 122 0 0 10 10 0 0 0 0 0 0 0 昔日太虚战月女
122 11 12 -1 2538 2400 0 12 0 1 100 0 100 100 122 0 0 0 0 0 0 0 0 0 0 0 怀恋战月男
123 11 12 -1 2574 2400 0 12 0 1 100 0 100 105 122 0 0 0 0 0 0 0 0 0 0 0 怀恋战月女
124 11 12 -1 3160 15600 0 12 0 1 100 0 100 100 122 0 0 0 0 0 0 0 0 0 0 0 昔日孤星战月(男)
125 11 12 -1 3160 15600 0 12 0 1 100 0 100 100 122 0 0 0 0 0 0 0 0 0 0 0 昔日孤星战月女
126 11 12 -1 3300 19200 0 12 0 1 100 0 100 100 122 0 0 0 0 0 0 0 0 0 0 0 怀恋孤星战月男
127 11 12 -1 3320 19200 0 12 0 1 100 0 100 105 72 0 0 0 0 0 0 0 0 0 0 0 怀恋孤星战月女
128 11 12 -1 3400 21600 490 12 0 10 100 0 100 100 122 0 0 10 10 0 0 0 0 0 0 0 怀恋太虚战月男
129 11 12 -1 3400 21600 490 12 0 10 100 0 100 100 122 0 0 10 10 0 0 0 0 0 0 0 怀恋太虚战月女
131 -1 13 -1 0 0 0 1 0 1 100 0 100 0 0 0 0 0 0 0 0 0 0 0 0 0 蓝光・魔【袍】
132 8 14 -1 310 3600 50 18 0 10 100 0 100 17 48 0 0 0 0 1 0 0 0 0 0 0 妖皇・帝兵
133 8 15 -1 370 1200 50 10 0 10 100 0 100 18 60 0 0 0 0 0 0 0 0 0 0 0 不死・天皇
134 8 16 -1 330 8400 460 18 0 10 100 0 100 16 46 0 0 0 0 0 0 0 0 0 0 0 妖皇・帝兵【传承】
135 8 16 -1 390 7200 460 10 0 10 100 0 100 18 60 0 0 0 0 0 0 0 0 0 0 0 不死・天皇[传承] 
136 -1 13 -1 0 2400 10 1 0 10 100 0 100 0 0 0 0 0 0 0 0 0 0 0 0 0 血祭・神[甲]
137 -1 13 -1 0 2400 10 1 0 10 100 0 100 0 0 0 0 0 0 0 0 0 0 0 0 0 血祭・神[袍]
138 8 9 -1 410 5400 10 10 0 10 100 0 100 16 54 0 0 0 0 0 0 0 0 0 0 0 血祭・神[斩]
139 8 -1 8 420 0 420 16 0 16 100 0 100 0 0 0 0 0 0 0 0 0 0 0 0 0 传奇头
140 8 -1 8 440 0 440 16 0 16 100 0 100 0 0 0 0 0 0 0 0 0 0 0 0 0 传奇手
141 8 -1 8 460 0 460 16 0 16 100 0 100 0 0 0 0 0 0 0 0 0 0 0 0 0 传奇带
142 8 -1 8 480 0 480 16 0 16 100 0 100 0 0 0 0 0 0 0 0 0 0 0 0 0 传奇靴
143 30 -1 30 920 0 920 20 0 20 100 0 100 0 0 0 0 0 0 0 0 0 0 0 0 0 特殊装备特效
144 30 -1 30 870 0 870 10 0 10 100 0 100 12 18 0 0 12 18 0 0 0 0 0 0 0 传奇特效
145 30 -1 30 890 0 890 10 0 10 100 0 100 15 15 0 0 15 15 0 0 0 0 0 0 0 昔日帝
146 30 -1 30 880 0 880 10 0 10 100 0 100 15 15 0 0 15 15 0 0 0 0 0 0 0 怀恋特效
147 30 -1 30 900 0 900 10 0 10 100 0 100 15 15 0 0 15 15 0 0 0 0 0 0 0 荒古特效
148 -1 -1 30 0 0 1350 1 0 10 100 0 100 0 0 0 0 0 0 0 0 0 0 0 0 0 灵魂晶石
149 -1 -1 30 0 0 1360 1 0 10 100 0 100 0 0 0 0 0 0 0 0 0 0 0 0 0 传奇材料特效
150 30 -1 30 850 0 850 10 0 10 100 0 100 127 -35 0 0 0 0 0 0 0 0 0 0 0 孔雀翼
151 11 9 -1 3540 6600 0 12 0 1 100 0 100 42 28 0 0 0 0 0 0 0 0 0 0 0 怀恋鬼泣
152 11 32 -1 3580 3600 0 12 0 1 100 0 100 58 40 0 0 0 0 0 0 0 0 0 0 0 怀恋杀戮
153 30 32 -1 510 2400 0 14 0 1 100 0 100 88 75 0 0 0 0 0 0 0 0 0 0 0 怀恋诛仙
154 30 32 -1 550 4800 0 14 0 1 100 0 100 110 112 0 0 0 0 0 0 0 0 0 0 0 怀恋贪狼
155 30 32 -1 570 6000 0 14 0 1 100 0 100 85 72 0 0 0 0 0 0 0 0 0 0 0 怀恋七星
156 30 32 -1 590 7200 0 10 0 1 100 0 100 107 75 0 0 0 0 0 0 0 0 0 0 0 怀恋破杀
157 30 -1 30 860 0 860 10 0 10 100 0 100 0 0 0 0 0 0 0 0 0 0 0 0 0 贵族狂龙章
158 -1 33 -1 0 0 0 1 0 1 200 0 200 0 0 0 0 0 0 0 0 0 0 0 0 0 巫月圣魂甲
159 -1 33 -1 0 9600 0 1 0 1 200 0 200 0 0 0 0 0 0 0 0 0 0 0 0 0 玄冥圣武甲
160 -1 33 -1 0 7200 0 1 0 1 200 0 200 0 0 0 0 0 0 0 0 0 0 0 0 0 }`圣甲
161 -1 33 -1 0 1200 0 1 0 1 200 0 200 0 0 0 0 0 0 0 0 0 0 0 0 0 }火圣甲
162 -1 -1 30 0 0 860 1 0 10 200 0 100 0 0 0 0 -5 -5 0 0 0 0 0 0 0 玄兵石
163 30 -1 30 800 0 800 15 0 15 100 0 100 0 0 0 0 0 0 0 0 0 0 0 0 0 法器碎片
164 8 -1 -1 750 0 0 20 0 1 200 0 200 -178 -172 0 0 0 0 0 0 0 0 1 0 0 
165 8 -1 -1 850 0 0 20 0 1 200 0 200 -207 -198 0 0 0 0 0 0 0 0 1 0 0 
167 8 -1 -1 620 0 0 20 0 1 200 0 200 -179 -145 0 0 0 0 0 0 0 0 1 0 0 
168 8 -1 -1 690 0 0 15 0 1 200 0 200 -98 -118 0 0 0 0 0 0 0 0 1 0 0 
169 8 -1 -1 830 0 0 17 0 1 200 0 200 20 61 0 0 0 0 0 0 0 0 1 0 0 
170 8 -1 -1 770 0 0 13 0 1 200 0 200 -154 -172 0 0 0 0 0 0 0 0 1 0 0 
171 8 -1 -1 730 0 0 15 0 1 200 0 200 -110 -128 0 0 0 0 0 0 0 0 1 0 0 
172 8 -1 -1 640 0 0 8 0 1 200 0 200 6 44 0 0 0 0 0 0 0 0 1 0 0 
173 8 -1 -1 710 0 0 15 0 1 200 0 200 -120 -143 0 0 0 0 0 0 0 0 1 0 0 
174 8 -1 -1 790 0 0 15 0 1 200 0 200 -122 -156 0 0 0 0 0 0 0 0 1 0 0 
175 8 -1 -1 670 0 0 15 0 1 200 0 200 -104 -123 0 0 0 0 0 0 0 0 1 0 0 
176 8 -1 -1 650 0 0 15 0 1 200 0 200 -183 -187 0 0 0 0 0 0 0 0 1 0 0 
177 8 -1 -1 810 0 0 15 0 1 200 0 200 -112 -128 0 0 0 0 0 0 0 0 1 0 0 
178 8 -1 -1 870 0 0 15 0 1 200 0 200 -116 -136 0 0 0 0 0 0 0 0 1 0 0 
179 8 -1 -1 600 0 0 15 0 1 200 0 200 -119 -141 0 0 0 0 0 0 0 0 1 0 0 
180 8 -1 -1 1460 0 0 10 0 1 200 0 200 -295 -273 0 0 0 0 0 0 0 0 1 0 0 
181 8 -1 -1 1230 0 0 12 0 1 200 0 200 -210 -199 0 0 0 0 0 0 0 0 1 0 0 
182 8 -1 -1 1270 0 0 12 0 1 200 0 200 -208 -195 0 0 0 0 0 0 0 0 1 0 0 
183 8 -1 -1 1290 0 0 12 0 1 200 0 200 -208 -194 0 0 0 0 0 0 0 0 1 0 0 
184 8 -1 -1 1210 0 0 12 0 1 200 0 200 -209 -198 0 0 0 0 0 0 0 0 1 0 0 
185 8 -1 -1 1250 0 0 12 0 1 200 0 200 -210 -199 0 0 0 0 0 0 0 0 1 0 0 
186 8 -1 -1 1130 0 0 10 0 1 200 0 200 -219 -192 0 0 0 0 0 0 0 0 1 0 0 
187 8 -1 -1 1140 0 0 10 0 1 200 0 200 -293 -269 0 0 0 0 0 0 0 0 1 0 0 
188 8 -1 -1 1150 0 0 15 0 1 200 0 200 -153 -168 0 0 0 0 0 0 0 0 1 0 0 
189 8 -1 -1 1170 0 0 10 0 1 200 0 200 -292 -266 0 0 0 0 0 0 0 0 1 0 0 
190 8 -1 -1 1190 0 0 20 0 1 200 0 200 -212 -225 0 0 0 0 0 0 0 0 1 0 0 
191 8 -1 -1 890 0 0 12 0 1 200 0 200 14 51 0 0 0 0 0 0 0 0 1 0 0 
192 8 -1 -1 1060 0 0 30 0 1 200 0 200 -134 -83 0 0 0 0 0 0 0 0 1 0 0 
193 8 -1 -1 1020 0 0 12 0 1 200 0 200 15 53 0 0 0 0 0 0 0 0 1 0 0 
194 8 -1 -1 1040 0 0 15 0 1 200 0 200 -99 -112 0 0 0 0 0 0 0 0 1 0 0 
195 8 -1 -1 1100 0 0 10 0 1 200 0 200 -292 -269 0 0 0 0 0 0 0 0 1 0 0 
196 8 -1 -1 1110 0 0 20 0 1 200 0 200 16 56 0 0 0 0 0 0 0 0 1 0 0 
197 8 -1 -1 910 0 0 13 0 1 200 0 200 -69 -91 0 0 0 0 0 0 0 0 1 0 0 
198 8 -1 -1 950 0 0 15 0 1 200 0 200 17 64 0 0 0 0 0 0 0 0 1 0 0 
199 8 -1 -1 1090 0 0 10 0 1 200 0 200 -293 -269 0 0 0 0 0 0 0 0 1 0 0 
200 8 -1 -1 1010 0 0 10 0 1 200 0 200 -291 -268 0 0 0 0 0 0 0 0 1 0 0 
201 8 -1 -1 970 0 0 12 0 1 200 0 200 15 55 0 0 0 0 0 0 0 0 1 0 0 
202 8 -1 -1 930 0 0 16 0 1 200 0 200 60 90 0 0 0 0 0 0 0 0 1 0 0 
203 8 -1 -1 1440 0 0 12 0 1 200 0 200 -206 -194 0 0 0 0 0 0 0 0 1 0 0 
204 8 -1 -1 1380 0 0 12 0 1 200 0 200 -204 -193 0 0 0 0 0 0 0 0 1 0 0 
205 8 -1 -1 1340 0 0 20 0 1 200 0 200 -196 -190 0 0 0 0 0 0 0 0 1 0 0 
206 8 -1 -1 1400 0 0 12 0 1 200 0 200 -205 -195 0 0 0 0 0 0 0 0 1 0 0 
207 8 -1 -1 1810 0 0 10 0 1 200 0 200 -292 -266 0 0 0 0 0 0 0 0 1 0 0 
208 8 -1 -1 1320 0 0 10 0 1 200 0 200 -292 -269 0 0 0 0 0 0 0 0 1 0 0 
209 8 -1 -1 1330 0 0 10 0 1 200 0 200 -291 -267 0 0 0 0 0 0 0 0 1 0 0 
210 8 -1 -1 1420 0 0 12 0 1 200 0 200 -203 -193 0 0 0 0 0 0 0 0 1 0 0 
211 8 -1 8 1470 0 1470 12 0 12 100 0 100 -38 -46 0 0 -52 -55 1 1 0 0 1 1 0 
214 6 -1 6 80 0 80 12 0 12 100 0 100 12 66 0 0 0 0 0 0 0 0 1 1 0 
215 6 -1 6 400 0 400 12 0 12 100 0 100 12 66 0 0 0 0 0 0 0 0 1 1 0 
216 6 -1 6 800 0 800 12 0 12 100 0 100 12 66 0 0 0 0 0 0 0 0 1 1 0 
217 6 -1 6 1120 0 1120 12 0 12 100 0 100 12 66 0 0 0 0 0 0 0 0 1 1 0 
218 6 -1 6 320 0 320 12 0 12 100 0 100 12 66 0 0 0 0 0 0 0 0 1 1 0 
219 6 -1 6 880 0 880 12 0 12 100 0 100 12 66 0 0 0 0 0 0 0 0 1 1 0 
220 6 -1 6 1040 0 1040 12 0 12 100 0 100 12 66 0 0 0 0 0 0 0 0 1 1 0 
221 6 -1 6 1160 0 1160 12 0 12 200 0 200 12 66 0 0 0 0 0 0 0 0 1 1 0 
222 6 -1 6 640 0 640 12 0 12 200 0 200 12 66 0 0 0 0 0 0 0 0 1 1 0 
223 8 -1 -1 2005 0 0 12 0 1 200 0 200 100 0 0 0 0 0 0 0 0 0 1 1 0 ●潜龙・勿用●
224 8 -1 -1 1860 0 0 10 0 1 200 0 200 15 55 0 0 0 0 0 0 0 0 1 1 0 淘汰№之刃・AVIO
225 8 -1 -1 1831 0 0 29 0 1 200 0 200 -85 -85 0 0 0 0 0 0 0 0 1 1 0 ≮魔能战甲≯
226 8 -1 -1 1820 0 0 11 0 1 200 0 200 15 55 0 0 0 0 0 0 0 0 1 1 0 ★魔王之魂：骸
227 8 -1 -1 1870 0 0 15 0 1 200 0 200 -60 -110 0 0 0 0 0 0 0 0 1 0 0 天道圣宝・盘古幡
228 8 -1 -1 2130 0 0 12 0 1 200 0 200 -126 -120 0 0 0 0 0 0 0 0 1 0 0 1
229 8 -1 -1 2142 0 0 12 0 1 200 0 200 -240 -275 0 0 0 0 0 0 0 0 1 0 0 2
230 8 -1 -1 2154 0 0 12 0 1 200 0 200 -88 -100 0 0 0 0 0 0 0 0 1 0 0 3
231 8 -1 -1 2166 0 0 20 0 1 200 0 200 -500 -265 0 0 0 0 0 0 0 0 1 0 0 4
232 8 -1 -1 2186 0 0 12 0 1 200 0 200 -143 -160 0 0 0 0 0 0 0 0 1 0 0 5
233 8 -1 -1 2198 0 0 12 0 1 200 0 200 -92 -105 0 0 0 0 0 0 0 0 1 0 0 6
234 8 -1 -1 2210 0 0 12 0 1 200 0 200 -68 -68 0 0 0 0 0 0 0 0 1 0 0 7
235 8 -1 -1 2222 0 0 12 0 1 200 0 200 -49 -71 0 0 0 0 0 0 0 0 1 0 0 8
236 8 -1 -1 2234 0 0 15 0 1 200 0 200 -115 -235 0 0 0 0 0 0 0 0 1 0 0 9
237 8 -1 -1 2249 0 0 15 0 1 200 0 200 -117 -167 0 0 0 0 0 0 0 0 1 0 0 10
238 8 -1 -1 2264 0 0 12 0 1 200 0 200 -92 -89 0 0 0 0 0 0 0 0 1 0 0 11
239 8 -1 -1 2276 0 0 12 0 1 200 0 200 -87 -93 0 0 0 0 0 0 0 0 1 0 0 12
240 8 -1 -1 2288 0 0 12 0 1 200 0 200 -40 -57 0 0 0 0 0 0 0 0 1 0 0 13
241 6 -1 6 1540 0 1540 10 0 10 200 0 200 0 0 0 0 0 0 0 0 0 0 0 1 0 魔戒1
242 6 -1 6 1540 0 1550 10 0 10 200 0 200 0 0 0 0 0 0 0 0 0 0 0 1 0 魔戒2
243 6 -1 6 1540 0 1560 10 0 10 200 0 200 0 0 0 0 0 0 0 0 0 0 0 1 0 魔戒3
244 8 -1 -1 2460 0 0 10 0 1 200 0 200 -289 -268 0 0 0 0 0 0 0 0 1 0 0 封・抹灭众生
245 8 -1 -1 2470 0 0 10 0 1 200 0 200 -289 -268 0 0 0 0 0 0 0 0 1 0 0 乞丐少爷
246 8 -1 -1 2300 0 0 20 0 1 200 0 200 -212 -221 0 0 0 0 0 0 0 0 1 0 0 细雪之舞
247 8 -1 -1 2320 0 0 20 0 1 200 0 200 -127 -124 0 0 0 0 0 0 0 0 1 0 0 花花公子
248 8 -1 -1 2340 0 0 20 0 1 200 0 200 -127 -123 0 0 0 0 0 0 0 0 1 0 0 念娇奴
249 8 -1 -1 2450 0 0 10 0 1 200 0 200 -292 -266 0 0 0 0 0 0 0 0 1 0 0 碧玉锁甲
250 8 -1 -1 2430 0 0 10 0 1 200 0 200 -290 -267 0 0 0 0 0 0 0 0 1 0 0 梵风衣
251 8 -1 -1 2380 0 0 20 0 1 200 0 200 -128 -126 0 0 0 0 0 0 0 0 1 0 0 福柏斯光甲[坦神]
252 8 -1 -1 2400 0 0 20 0 1 200 0 200 -215 -222 0 0 0 0 0 0 0 0 1 0 0 天光圣剑-max
253 8 -1 -1 2360 0 0 20 0 1 200 0 200 -201 -212 0 0 0 0 0 0 0 0 1 0 0 灭・神
254 8 -1 -1 2420 0 0 10 0 1 200 0 200 -297 -271 0 0 0 0 0 0 0 0 1 0 0 遗・忘
255 8 -1 -1 2440 0 0 10 0 1 200 0 200 -295 -267 0 0 0 0 0 0 0 0 1 0 0 残影剑
256 8 -1 -1 2480 0 0 12 0 1 200 0 200 74 47 0 0 0 0 0 0 0 0 1 0 0 光影
257 8 -1 -1 2492 0 0 12 0 1 200 0 200 89 71 0 0 0 0 0 0 0 0 1 0 0 烈焰盾
258 8 -1 -1 2504 0 0 12 0 1 200 0 200 88 58 0 0 0 0 0 0 0 0 1 0 0 无限恐怖
259 8 -1 -1 2528 0 0 8 0 1 200 0 200 111 85 0 0 0 0 0 0 0 0 1 0 0 灭世・无法无天
260 8 -1 -1 2536 0 0 16 0 1 200 0 200 -141 -173 0 0 0 0 0 0 0 0 1 0 0 抹灭众生
261 8 -1 -1 2552 0 0 15 0 1 200 0 200 -66 -54 0 0 0 0 0 0 0 0 1 0 0 凶神恶煞
262 8 -1 -1 2671 0 0 12 0 1 200 0 200 17 55 0 0 0 0 0 0 0 0 1 0 0 混沌锁魂斩
263 8 -1 -1 2683 0 0 24 0 1 200 0 200 17 55 0 0 0 0 0 0 0 0 1 0 0 天地の防¤毁灭气息
264 8 -1 -1 2629 0 0 10 0 1 200 0 200 17 55 0 0 0 0 0 0 0 0 1 0 0 盘古℃开天辟地
265 8 -1 -1 2639 0 0 32 0 1 200 0 200 17 55 0 0 0 0 0 0 0 0 1 0 0 轩辕噬魂甲の无双
266 8 -1 -1 2579 0 0 50 0 1 100 0 200 -20 15 0 0 0 0 0 0 0 0 0 0 0 狂热SSs
267 5 -1 -1 290 0 0 127 0 1 60 0 200 -385 -350 0 0 0 0 0 0 0 0 1 0 0 亚索
268 8 -1 -1 2567 0 0 12 0 1 200 0 200 80 58 0 0 0 0 0 0 0 0 1 0 0 燃魂劫火
269 53 -1 -1 0 0 0 10 0 1 200 0 200 -390 -400 0 0 0 0 0 0 0 0 1 0 0 新衣服1
270 53 -1 -1 10 0 0 10 0 1 200 0 200 -390 -400 0 0 0 0 0 0 0 0 1 0 0 新衣服2
271 53 -1 -1 20 0 0 10 0 1 200 0 200 -390 -400 0 0 0 0 0 0 0 0 1 0 0 新衣服3
272 53 -1 -1 30 0 0 10 0 1 200 0 200 -390 -400 0 0 0 0 0 0 0 0 1 0 0 新衣服4
273 53 -1 -1 40 0 0 10 0 1 200 0 200 -390 -400 0 0 0 0 0 0 0 0 1 0 0 新衣服5
274 53 -1 -1 50 0 0 18 0 1 200 0 200 -175 -185 0 0 0 0 0 0 0 0 1 0 0 新衣服6
275 53 -1 -1 70 0 0 18 0 1 200 0 200 -175 -165 0 0 0 0 0 0 0 0 1 0 0 新衣服7
276 53 -1 -1 90 0 0 18 0 1 200 0 200 -175 -185 0 0 0 0 0 0 0 0 1 0 0 新衣服8
277 53 -1 -1 110 0 0 18 0 1 200 0 200 -175 -185 0 0 0 0 0 0 0 0 1 0 0 新衣服9
278 53 -1 -1 130 0 0 20 0 1 200 0 200 -215 -185 0 0 0 0 0 0 0 0 1 0 0 新衣服10
279 53 -1 -1 150 0 0 20 0 1 200 0 200 -220 -215 0 0 0 0 0 0 0 0 1 0 0 新衣服11
280 53 -1 -1 170 0 0 20 0 1 200 0 200 -220 -215 0 0 0 0 0 0 0 0 1 0 0 新衣服12
281 53 -1 -1 190 0 0 20 0 1 200 0 200 -220 -215 0 0 0 0 0 0 0 0 1 0 0 新衣服13
282 53 -1 -1 210 0 0 20 0 1 200 0 200 -220 -215 0 0 0 0 0 0 0 0 1 0 0 新衣服14
283 54 -1 -1 0 0 0 10 0 1 200 0 200 -370 -410 0 0 0 0 0 0 0 0 1 0 0 新武器1
284 54 -1 -1 10 0 0 10 0 1 200 0 200 -370 -410 0 0 0 0 0 0 0 0 1 0 0 新武器2
285 54 -1 -1 20 0 0 10 0 1 200 0 200 -370 -410 0 0 0 0 0 0 0 0 1 0 0 新武器3
286 54 -1 -1 30 0 0 10 0 1 200 0 200 -370 -410 0 0 0 0 0 0 0 0 1 0 0 新武器4
287 54 -1 -1 40 0 0 10 0 1 200 0 200 -370 -410 0 0 0 0 0 0 0 0 1 0 0 新武器5
288 54 -1 -1 50 0 0 18 0 1 200 0 200 20 40 0 0 0 0 0 0 0 0 1 0 0 新武器6
289 54 -1 -1 70 0 0 18 0 1 200 0 200 20 40 0 0 0 0 0 0 0 0 1 0 0 新武器7
290 54 -1 -1 90 0 0 18 0 1 200 0 200 20 40 0 0 0 0 0 0 0 0 1 0 0 新武器8
291 54 -1 -1 110 0 0 18 0 1 200 0 200 20 40 0 0 0 0 0 0 0 0 1 0 0 新武器9
292 54 -1 -1 130 0 0 20 0 1 200 0 200 -205 -185 0 0 0 0 0 0 0 0 1 0 0 新武器10
293 54 -1 -1 150 0 0 20 0 1 200 0 200 -205 -185 0 0 0 0 0 0 0 0 1 0 0 新武器11
294 54 -1 -1 170 0 0 20 0 1 200 0 200 -205 -185 0 0 0 0 0 0 0 0 1 0 0 新武器12
295 54 -1 -1 190 0 0 20 0 1 200 0 200 -205 -185 0 0 0 0 0 0 0 0 1 0 0 新武器13
296 54 -1 -1 210 0 0 20 0 1 200 0 200 -205 -185 0 0 0 0 0 0 0 0 1 0 0 新武器14
297 55 -1 -1 0 0 0 10 0 1 200 0 200 -80 -70 0 0 0 0 0 0 0 0 0 0 0 
298 55 -1 -1 10 0 0 10 0 1 200 0 200 -100 -70 0 0 0 0 0 0 0 0 0 0 0 
299 55 -1 -1 20 0 0 10 0 1 200 0 200 -80 -70 0 0 0 0 0 0 0 0 0 0 0 
300 55 -1 -1 30 0 0 10 0 1 200 0 200 -80 -70 0 0 0 0 0 0 0 0 0 0 0 
301 55 -1 -1 40 0 0 10 0 1 200 0 200 -80 -70 0 0 0 0 0 0 0 0 0 0 0 
302 55 -1 -1 50 0 0 10 0 1 200 0 200 -80 -70 0 0 0 0 0 0 0 0 0 0 0 
303 55 -1 -1 60 0 0 10 0 1 200 0 200 -80 -70 0 0 0 0 0 0 0 0 0 0 0 
304 55 -1 -1 120 0 0 10 0 1 200 0 200 -80 -70 0 0 0 0 0 0 0 0 0 0 0 
305 55 -1 -1 130 0 0 35 0 1 200 0 200 -180 -150 0 0 0 0 0 0 0 0 0 0 0 
306 55 -1 -1 170 0 0 35 0 1 200 0 200 -180 -150 0 0 0 0 0 0 0 0 0 0 0 
307 56 -1 -1 691 0 0 9 0 1 200 0 200 85 160 0 0 0 0 1 0 0 0 1 0 0 
308 56 -1 -1 680 0 0 10 0 1 200 0 200 0 60 0 0 0 0 1 0 0 0 1 0 0 
309 56 -1 -1 650 0 0 10 0 1 200 0 200 30 70 0 0 0 0 1 0 0 0 1 0 0 
310 56 -1 -1 640 0 0 10 0 1 200 0 200 0 60 0 0 0 0 1 0 0 0 1 0 0 
311 56 -1 -1 600 0 0 20 0 1 200 0 200 25 65 0 0 0 0 1 0 0 0 1 0 0 
312 56 -1 -1 620 0 0 20 0 1 200 0 200 0 60 0 0 0 0 1 0 0 0 1 0 0 
313 56 -1 -1 989 0 0 18 0 1 200 0 200 -80 -180 0 0 0 0 1 0 0 0 1 0 0 
314 56 -1 -1 969 0 0 18 0 1 200 0 200 -100 -230 0 0 0 0 1 0 0 0 1 0 0 
315 56 -1 -1 934 0 0 15 0 1 200 0 200 -10 30 0 0 0 0 1 0 0 0 1 0 0 
316 56 -1 -1 949 0 0 20 0 1 200 0 200 -10 0 0 0 0 0 1 0 0 0 1 0 0 
317 56 -1 -1 883 0 0 23 0 1 200 0 200 0 60 0 0 0 0 1 0 0 0 1 0 0 
318 56 -1 -1 907 0 0 23 0 1 200 0 200 20 15 0 0 0 0 1 0 0 0 1 0 0 
319 56 -1 -1 843 0 0 40 0 1 200 0 200 20 50 0 0 0 0 1 0 0 0 1 0 0 
320 56 -1 -1 816 0 0 27 0 1 200 0 200 0 -60 0 0 0 0 1 0 0 0 1 0 0 
321 56 -1 -1 1179 0 0 10 0 1 200 0 200 15 50 0 0 0 0 1 0 0 0 1 0 0 
322 56 -1 -1 1169 0 0 10 0 1 200 0 200 15 20 0 0 0 0 1 0 0 0 1 0 0 
323 56 -1 -1 6455 0 0 10 0 1 200 0 200 10 20 0 0 0 0 0 0 0 0 0 0 0 
