2	回城石	1	1	1	0
2	随机传送石	1	1	1	0
2	大还丹	1	1	1	0
2	小还丹	1	1	1	0
2	苹果	1	1	1	0
2	西瓜	1	1	1	0
2	灵芝	1	1	1	0
1	沃玛号角	1	1	1	0
1	祖玛头像	1	1	1	0
5	求婚戒指	1	1	1	0
1	陨铁磨刀石	1	1	1	0
1	天衣无缝针	1	1	1	0
1	新手攻略	1	1	1	0
1	红名清洗卷	1	1	1	0
1	超级祝福油	1	1	1	0
1	祝福油	1	1	1	0
2	修复神水	1	1	1	0
1	千里传音	1	1	1	0
2	千里传音(大)	1	1	1	0
2	邪恶药剂	1	1	1	0
2	体力药剂	1	1	1	0
2	魔力药剂	1	1	1	0
2	恢复药剂	1	1	1	0
1	金币袋(小)	1	1	1	0
1	金币袋(中)	1	1	1	0
1	金币袋(大)	1	1	1	0
1	武林盟主礼包	1	1	1	0
2	预留	1	1	1	0
2	预留	1	1	1	0
2	预留	1	1	1	0
1	战绩清空卡	1	1	1	0
2	============	1	1	1	0
1	生命宝石碎片	1	1	1	0
1	1级生命宝石	1	1	1	0
1	2级生命宝石	1	1	1	0
1	3级生命宝石	1	1	1	0
1	4级生命宝石	1	1	1	0
1	5级生命宝石	1	1	1	0
2	============	1	1	1	0
1	攻击宝石碎片	1	1	1	0
1	1级攻击宝石	1	1	1	0
1	2级攻击宝石	1	1	1	0
1	3级攻击宝石	1	1	1	0
1	4级攻击宝石	1	1	1	0
1	5级攻击宝石	1	1	1	0
2	============	1	1	1	0
1	女儿红	1	1	1	0
1	竹叶青	1	1	1	0
1	寒潭香	1	1	1	0
1	金茎露	1	1	1	0
1	秋露白	1	1	1	0
1	天外飞石	1	1	1	0
1	死亡纹章	1	1	1	0
1	巨人心脏	1	1	1	0
1	巨人胆汁	1	1	1	0
1	书页	1	1	1	0
1	天精石	1	1	1	0
1	灵魂晶石	1	1	1	0
1	髌嬷星	1	1	1	0
1	灵石	1	1	1	0
1	鉴定石	1	1	1	0
1	匠心天工锤	1	1	1	0
1	玄兵石	1	1	1	0
2	预留	1	1	1	0
2	预留	1	1	1	0
2	============	1	1	1	0
1	金条	1	1	1	0
1	金砖	1	1	1	0
1	金盒	1	1	1	0
1	[项链]附魔卷轴	1	1	1	0
1	[手镯]附魔卷轴	1	1	1	0
1	[戒指]附魔卷轴	1	1	1	0
1	[腰带]附魔卷轴	1	1	1	0
1	[靴子]附魔卷轴	1	1	1	0
2	============	1	1	1	0
1	万兽灵火卷(一)	1	1	1	0
1	龟灵地火卷(二)	1	1	1	0
1	骨灵冷火卷(三)	1	1	1	0
1	红莲业火卷(四)	1	1	1	0
1	九幽金火卷(五)	1	1	1	0
1	八荒灭炎卷(六)	1	1	1	0
1	金帝天炎卷(七)	1	1	1	0
1	净莲妖炎卷(八)	1	1	1	0
1	虚无吞炎卷(九)	1	1	1	0
1	异火帝炎卷(十)	1	1	1	0
2	============	1	1	1	0
1	命运水晶【一转】1	1	1	1	0
1	命运之书【一转】1	1	1	1	0
1	命运水晶【二转】1	1	1	1	0
1	命运之书【二转】1	1	1	1	0
1	命运水晶【三转】1	1	1	1	0
1	命运之书【三转】1	1	1	1	0
1	命运水晶【四转】1	1	1	1	0
1	命运之书【四转】1	1	1	1	0
1	命运水晶【五转】1	1	1	1	0
1	命运之书【五转】1	1	1	1	0
1	命运水晶【六转】1	1	1	1	0
1	命运之书【六转】1	1	1	1	0
1	命运水晶【七转】1	1	1	1	0
1	命运之书【七转】1	1	1	1	0
1	命运水晶【八转】1	1	1	1	0
1	命运之书【八转】1	1	1	1	0
2	============	1	1	1	0
1	10W经验卷	1	1	1	0
1	20W经验卷	1	1	1	0
1	50W经验卷	1	1	1	0
1	100W经验卷	1	1	1	0
1	200W经验卷	1	1	1	0
1	500W经验卷	1	1	1	0
1	1000W经验卷	1	1	1	0
1	2000W经验卷	1	1	1	0
1	5000W经验卷	1	1	1	0
1	1亿经验卷	1	1	1	0
1	2亿经验卷	1	1	1	0
1	5亿经验卷	1	1	1	0
1	10亿经验卷	1	1	1	0
1	20亿经验卷	1	1	1	0
1	40亿经验卷	1	1	1	0
2	============	1	1	1	0
1	20元宝1	1	1	1	0
1	50元宝1	1	1	1	0
1	100元宝	1	1	1	0
1	200元宝	1	1	1	0
1	500元宝	1	1	1	0
1	1000元宝	1	1	1	0
1	2000元宝	1	1	1	0
1	5000元宝	1	1	1	0
1	10000元宝	1	1	1	0
1	20000元宝	1	1	1	0
1	50000元宝	1	1	1	0
1	100000元宝	1	1	1	0
1	50万元宝	1	1	1	0
1	100万元宝	1	1	1	0
1	500万元宝	1	1	1	0
2	============	1	1	1	0
1	1金币1	1	1	1	0
1	5金币1	1	1	1	0
1	10金币	1	1	1	0
1	50金币	1	1	1	0
1	100金币	1	1	1	0
1	500金币	1	1	1	0
2	============	1	1	1	0
2	1代金券	1	1	1	0
2	5代金券	1	1	1	0
2	10代金券	1	1	1	0
2	20代金券	1	1	1	0
2	50代金券	1	1	1	0
2	============	1	1	1	0
1	狮子吼	1	1	1	0
1	擒龙手	1	1	1	0
1	开天斩	1	1	1	0
1	逐日剑法	1	1	1	0
1	龙影剑法	1	1	1	0
1	十步一杀	1	1	1	0
1	护体神盾	1	1	1	0
1	魔法盾	1	1	1	0
2	============	1	1	1	0
2	魔剑碎片	1	1	1	0
2	黄金叶	1	1	1	0
2	毒蜘蛛牙齿	1	1	1	0
2	幸运果实	1	1	1	0
2	绿宝石矿	1	1	1	0
2	紫水晶矿	1	1	1	0
2	玉水晶	1	1	1	0
2	红蛇果	1	1	1	0
2	勋章之心	1	1	1	0
2	骰子	1	1	1	0
2	木料	1	1	1	0
2	佛牌	1	1	1	0
2	筹码	1	1	1	0
1	时装碎片	1	1	1	0
2	赤月恶魔油	1	1	1	0
2	药剂师的信	1	1	1	0
2	============	1	1	1	0
2	铜矿	1	1	1	0
2	铁矿	1	1	1	0
2	银矿	1	1	1	0
2	金矿	1	1	1	0
2	黑铁矿石	1	1	1	0
2	============	1	1	1	0
3	新人甲	1	1	1	0
2	新人衣	1	1	1	0
4	新人剑	1	1	1	0
7	魔血石	1	1	1	0
2	============	1	1	1	0
5	冲天战盔1	1	1	1	0
5	冲天战链1	1	1	1	0
5	冲天战镯1	1	1	1	0
5	冲天战戒1	1	1	1	0
4	冲天战刃1	1	1	1	0
3	冲天战甲(男)1	1	1	1	0
2	冲天战甲(女)	1	1	1	0
2	--------	1	1	1	0
5	菩提战狂盔1	1	1	1	0
5	菩提战狂链1	1	1	1	0
5	菩提战狂镯1	1	1	1	0
5	菩提战狂戒1	1	1	1	0
4	菩提彻地斩1	1	1	1	0
3	菩提战狂甲(男)1	1	1	1	0
2	菩提战狂甲(女)	1	1	1	0
2	--------	1	1	1	0
5	无尘战幻盔1	1	1	1	0
5	无尘战幻链1	1	1	1	0
5	无尘战幻镯1	1	1	1	0
5	无尘战幻戒1	1	1	1	0
4	无尘怒斩1	1	1	1	0
3	无尘战幻甲(男)1	1	1	1	0
2	无尘战幻甲(女)	1	1	1	0
2	--------	1	1	1	0
5	芙蓉战兽盔1	1	1	1	0
5	芙蓉战挂坠1	1	1	1	0
5	芙蓉战虎镯1	1	1	1	0
5	芙蓉战虎戒1	1	1	1	0
4	芙蓉七色刃1	1	1	1	0
3	芙蓉战影甲(男)1	1	1	1	0
2	芙蓉战影甲(女)	1	1	1	0
2	--------	1	1	1	0
5	玄冥圣武盔1	1	1	1	0
5	玄冥圣武链1	1	1	1	0
5	玄冥圣武镯1	1	1	1	0
5	玄冥圣武戒1	1	1	1	0
7	玄冥圣武带1	1	1	1	0
7	玄冥圣武靴1	1	1	1	0
4	玄冥圣刃1	1	1	1	0
3	玄冥圣武甲(男)1	1	1	1	0
2	玄冥圣武甲(女)	1	1	1	0
2	--------	1	1	1	0
5	巫月圣魂盔1	1	1	1	0
5	巫月圣魂链1	1	1	1	0
5	巫月圣魂镯1	1	1	1	0
5	巫月圣魂戒1	1	1	1	0
7	巫月圣魂带1	1	1	1	0
7	巫月圣魂靴1	1	1	1	0
4	巫月圣狂斩1	1	1	1	0
3	巫月圣魂甲(男)1	1	1	1	0
2	巫月圣魂甲(女)	1	1	1	0
2	--------	1	1	1	0
5	}`圣盔1	1	1	1	0
5	}`圣链1	1	1	1	0
5	}`圣镯1	1	1	1	0
5	}`圣戒1	1	1	1	0
7	}`圣带1	1	1	1	0
7	}`圣靴1	1	1	1	0
4	}`圣者剑1	1	1	1	0
3	}`圣甲(男)1	1	1	1	0
2	}`圣甲(女)	1	1	1	0
2	--------	1	1	1	0
5	}火圣盔1	1	1	1	0
5	}火圣链1	1	1	1	0
5	}火圣镯1	1	1	1	0
5	}火圣戒1	1	1	1	0
7	}火圣带1	1	1	1	0
7	}火圣靴1	1	1	1	0
4	}业火刃1	1	1	1	0
3	}火圣甲(男)1	1	1	1	0
2	}火圣甲(女)	1	1	1	0
2	--------	1	1	1	0
5	蓝光・盔【圣】1	1	1	1	0
5	蓝光・链【圣】1	1	1	1	0
5	蓝光・镯【圣】1	1	1	1	0
5	蓝光・戒【圣】	1	1	1	0
7	蓝光・带【圣】	1	1	1	0
7	蓝光・靴【圣】	1	1	1	0
4	蓝光・魔【刃】	1	1	1	0
3	蓝光・魔【甲】	1	1	1	0
2	蓝光・魔【袍】	1	1	1	0
2	--------	1	1	1	0
5	血祭・盔【灭】1	1	1	1	0
5	血祭・链【灭】1	1	1	1	0
5	血祭・腕【灭】1	1	1	1	0
5	血祭・戒【灭】	1	1	1	0
7	血祭・带【灭】	1	1	1	0
7	血祭・靴【灭】	1	1	1	0
4	血祭・神【斩】	1	1	1	0
3	血祭・神【甲】	1	1	1	0
2	血祭・神【袍】	1	1	1	0
2	--------	1	1	1	0
7	0	1	1	1	0
7	0	1	1	1	0
7	0	1	1	1	0
7	0	1	1	1	0
7	0	1	1	1	0
7	0	1	1	1	0
7	0	1	1	1	0
7	0	1	1	1	0
7	0	1	1	1	0
7	0	1	1	1	0
7	0	1	1	1	0
7	0	1	1	1	0
7	0	1	1	1	0
7	0	1	1	1	0
2	=================	1	1	1	0
2	=================	1	1	1	0
2	=================	1	1	1	0
5	九黎・盔1	1	1	1	0
5	惊仙・链1	1	1	1	0
5	虚空・镯1	1	1	1	0
5	轮回・手1	1	1	1	0
5	摇光・戒1	1	1	1	0
5	飞仙・指1	1	1	1	0
4	妖皇・帝兵	1	1	1	0
3	不死・天皇	1	1	1	0
2	不死・仙凤	1	1	1	0
7	修罗・带1	1	1	1	0
7	人皇・靴1	1	1	1	0
2	--------	1	1	1	0
5	九黎・盔【史诗】1	1	1	1	0
5	惊仙・链【史诗】1	1	1	1	0
5	虚空・镯【史诗】	1	1	1	0
5	轮回・手【史诗】	1	1	1	0
5	摇光・戒【史诗】	1	1	1	0
5	飞仙・指【史诗】	1	1	1	0
4	妖皇・帝兵【史诗】	1	1	1	0
3	不死・天皇【史诗】	1	1	1	0
2	不死・仙凤【史诗】	1	1	1	0
7	修罗・带【史诗】	1	1	1	0
7	人皇・靴【史诗】	1	1	1	0
2	--------	1	1	1	0
5	九黎・盔【传承】1	1	1	1	0
5	惊仙・链【传承】1	1	1	1	0
5	虚空・镯【传承】1	1	1	1	0
5	轮回・手【传承】1	1	1	1	0
5	摇光・戒【传承】	1	1	1	0
5	飞仙・指【传承】	1	1	1	0
4	妖皇・帝兵【传承】	1	1	1	0
3	不死・天皇【传承】	1	1	1	0
2	不死・仙凤【传承】	1	1	1	0
7	修罗・带【传承】	1	1	1	0
7	人皇・靴【传承】	1	1	1	0
2	--------	1	1	1	0
5	九黎・盔【灭世】1	1	1	1	0
5	惊仙・链【灭世】1	1	1	1	0
5	虚空・镯【灭世】	1	1	1	0
5	轮回・手【灭世】	1	1	1	0
5	摇光・戒【灭世】	1	1	1	0
5	飞仙・指【灭世】	1	1	1	0
4	妖皇・帝兵【灭世】	1	1	1	0
3	不死・天皇【灭世】	1	1	1	0
2	不死・仙凤【灭世】	1	1	1	0
7	修罗・带【灭世】	1	1	1	0
7	人皇・靴【灭世】	1	1	1	0
2	--------	1	1	1	0
5	皓月・盔【凡】1	1	1	1	0
5	皓月・链【凡】1	1	1	1	0
5	皓月・镯【凡】	1	1	1	0
5	皓月・手【凡】1	1	1	1	0
5	皓月・戒【凡】	1	1	1	0
5	皓月・指【凡】	1	1	1	0
2	--------	1	1	1	0
5	望月・盔【仙】1	1	1	1	0
5	望月・链【仙】1	1	1	1	0
5	望月・镯【仙】1	1	1	1	0
5	望月・手【仙】1	1	1	1	0
5	望月・戒【仙】	1	1	1	0
5	望月・指【仙】	1	1	1	0
2	--------	1	1	1	0
5	紫月・盔【神】1	1	1	1	0
5	紫月・链【神】1	1	1	1	0
5	紫月・镯【神】1	1	1	1	0
5	紫月・手【神】1	1	1	1	0
5	紫月・戒【神】	1	1	1	0
5	紫月・指【神】	1	1	1	0
2	--------	1	1	1	0
7	极道・带【凡】	1	1	1	0
7	极道・靴【凡】	1	1	1	0
7	极道・带【仙】	1	1	1	0
7	极道・靴【仙】	1	1	1	0
7	极道・带【神】	1	1	1	0
7	极道・靴【神】	1	1	1	0
2	--------	1	1	1	0
2	0	1	1	1	0
2	0	1	1	1	0
2	0	1	1	1	0
2	0	1	1	1	0
2	0	1	1	1	0
2	0	1	1	1	0
4	鬼泣	1	1	1	0
4	杀戮	1	1	1	0
4	诛仙	1	1	1	0
4	贪狼	1	1	1	0
4	七星	1	1	1	0
4	破杀	1	1	1	0
2	0	1	1	1	0
2	0	1	1	1	0
2	0	1	1	1	0
2	0	1	1	1	0
2	0	1	1	1	0
2	0	1	1	1	0
4	太古・鬼泣	1	1	1	0
4	太古・杀戮	1	1	1	0
4	太古・诛仙	1	1	1	0
4	太古・贪狼	1	1	1	0
4	太古・七星	1	1	1	0
4	太古・破杀	1	1	1	0
2	0	1	1	1	0
2	0	1	1	1	0
2	0	1	1	1	0
2	0	1	1	1	0
2	0	1	1	1	0
2	0	1	1	1	0
4	昔日・鬼泣	1	1	1	0
4	昔日・杀戮	1	1	1	0
4	昔日・诛仙	1	1	1	0
4	昔日・贪狼	1	1	1	0
4	昔日・七星	1	1	1	0
4	昔日・破杀	1	1	1	0
2	0	1	1	1	0
2	0	1	1	1	0
2	0	1	1	1	0
2	0	1	1	1	0
2	0	1	1	1	0
2	0	1	1	1	0
4	怀恋・鬼泣「精」	1	1	1	0
4	怀恋・杀戮「精」	1	1	1	0
4	怀恋・诛仙「精」	1	1	1	0
4	怀恋・贪狼「精」	1	1	1	0
4	怀恋・七星「精」	1	1	1	0
4	怀恋・破杀「精」	1	1	1	0
2	--------	1	1	1	0
2	0	1	1	1	0
2	0	1	1	1	0
2	0	1	1	1	0
2	0	1	1	1	0
2	0	1	1	1	0
2	0	1	1	1	0
2	0	1	1	1	0
2	0	1	1	1	0
2	0	1	1	1	0
2	0	1	1	1	0
3	孤星(男)	1	1	1	0
2	孤星(女)	1	1	1	0
3	太虚(男)	1	1	1	0
2	太虚(女)	1	1	1	0
3	战月(男)	1	1	1	0
2	战月(女)	1	1	1	0
3	孤星战月(男)	1	1	1	0
2	孤星战月(女)	1	1	1	0
3	太虚战月(男)	1	1	1	0
2	太虚战月(女)	1	1	1	0
2	0	1	1	1	0
2	0	1	1	1	0
2	0	1	1	1	0
2	0	1	1	1	0
2	0	1	1	1	0
2	0	1	1	1	0
2	0	1	1	1	0
2	0	1	1	1	0
2	0	1	1	1	0
2	0	1	1	1	0
3	太古・孤星(男)	1	1	1	0
2	太古・孤星(女)	1	1	1	0
3	太古・太虚(男)	1	1	1	0
2	太古・太虚(女)	1	1	1	0
3	太古・战月(男)	1	1	1	0
2	太古・战月(女)	1	1	1	0
3	太古・孤星战月(男)	1	1	1	0
2	太古・孤星战月(女)	1	1	1	0
3	太古・太虚战月(男)	1	1	1	0
2	太古・太虚战月(女)	1	1	1	0
2	0	1	1	1	0
2	0	1	1	1	0
2	0	1	1	1	0
2	0	1	1	1	0
2	0	1	1	1	0
2	0	1	1	1	0
2	0	1	1	1	0
2	0	1	1	1	0
3	昔日・孤星(男)	1	1	1	0
2	昔日・孤星(女)	1	1	1	0
3	昔日・太虚(男)	1	1	1	0
2	昔日・太虚(女)	1	1	1	0
3	昔日・战月(男)	1	1	1	0
2	昔日・战月(女)	1	1	1	0
3	昔日・孤星战月(男)	1	1	1	0
2	昔日・孤星战月(女)	1	1	1	0
3	昔日・太虚战月(男)	1	1	1	0
2	昔日・太虚战月(女)	1	1	1	0
2	0	1	1	1	0
2	0	1	1	1	0
2	0	1	1	1	0
2	0	1	1	1	0
2	0	1	1	1	0
2	0	1	1	1	0
2	0	1	1	1	0
2	0	1	1	1	0
3	怀恋・孤星(男)	1	1	1	0
2	怀恋・孤星(女)	1	1	1	0
3	怀恋・太虚(男)	1	1	1	0
2	怀恋・太虚(女)	1	1	1	0
3	怀恋・战月(男)	1	1	1	0
2	怀恋・战月(女)	1	1	1	0
3	怀恋・孤星战月(男)	1	1	1	0
2	怀恋・孤星战月(女)	1	1	1	0
3	怀恋・太虚战月(男)	1	1	1	0
2	怀恋・太虚战月(女)	1	1	1	0
2	--------	1	1	1	0
5	太古・盔	1	1	1	0
5	太古・链	1	1	1	0
5	太古・手	1	1	1	0
5	太古・镯	1	1	1	0
5	太古・戒	1	1	1	0
5	太古・指	1	1	1	0
7	太古・带	1	1	1	0
7	太古・靴	1	1	1	0
2	--------	1	1	1	0
5	昔日・盔	1	1	1	0
5	昔日・链	1	1	1	0
5	昔日・手	1	1	1	0
5	昔日・镯	1	1	1	0
5	昔日・戒	1	1	1	0
5	昔日・指	1	1	1	0
7	昔日・带	1	1	1	0
7	昔日・靴	1	1	1	0
1	0	1	1	1	0
1	0	1	1	1	0
1	0	1	1	1	0
1	0	1	1	1	0
1	0	1	1	1	0
1	0	1	1	1	0
1	0	1	1	1	0
1	0	1	1	1	0
2	--------	1	1	1	0
5	怀恋・盔	1	1	1	0
5	怀恋・链	1	1	1	0
5	怀恋・手	1	1	1	0
5	怀恋・镯	1	1	1	0
5	怀恋・戒	1	1	1	0
5	怀恋・指	1	1	1	0
7	怀恋・带	1	1	1	0
7	怀恋・靴	1	1	1	0
1	0	1	1	1	0
1	0	1	1	1	0
1	0	1	1	1	0
1	0	1	1	1	0
1	0	1	1	1	0
1	0	1	1	1	0
1	0	1	1	1	0
1	0	1	1	1	0
2	--------	1	1	1	0
5	寒月の盔【帝】	1	1	1	0
5	寒月の链【帝】	1	1	1	0
5	寒月の手【帝】	1	1	1	0
5	寒月の镯【帝】	1	1	1	0
5	寒月の戒【帝】	1	1	1	0
5	寒月の指【帝】	1	1	1	0
7	寒月の带【帝】	1	1	1	0
7	寒月の靴【帝】	1	1	1	0
1	0	1	1	1	0
1	0	1	1	1	0
1	0	1	1	1	0
1	0	1	1	1	0
1	0	1	1	1	0
1	0	1	1	1	0
1	0	1	1	1	0
1	0	1	1	1	0
5	怀恋の髌婵	1	1	1	0
5	怀恋の髌媪	1	1	1	0
5	怀恋の髌媸	1	1	1	0
5	怀恋の髌骘	1	1	1	0
5	怀恋の髌娼	1	1	1	0
5	怀恋の髌嬷	1	1	1	0
7	怀恋の髌娲	1	1	1	0
7	怀恋の髌嫜	1	1	1	0
1	0	1	1	1	0
1	0	1	1	1	0
1	0	1	1	1	0
1	0	1	1	1	0
1	0	1	1	1	0
1	0	1	1	1	0
1	0	1	1	1	0
1	0	1	1	1	0
2	------------	1	1	1	0
7	灵魂杀戮刻印・Lv11	1	1	1	0
7	灵魂杀戮刻印・Lv21	1	1	1	0
7	灵魂杀戮刻印・Lv31	1	1	1	0
7	灵魂杀戮刻印・Lv41	1	1	1	0
7	灵魂杀戮刻印・Lv51	1	1	1	0
7	灵魂杀戮刻印・Lv61	1	1	1	0
7	灵魂杀戮刻印・Lv71	1	1	1	0
7	灵魂杀戮刻印・Lv81	1	1	1	0
7	灵魂杀戮刻印・Lv91	1	1	1	0
7	灵魂杀戮刻印・Max	1	1	1	0
7	灵◆噬	1	1	1	0
7	★凝之元★	1	1	1	0
7	◆	1	1	1	0
7	0	1	1	1	0
7	0	1	1	1	0
7	0	1	1	1	0
7	0	1	1	1	0
7	0	1	1	1	0
7	0	1	1	1	0
7	天影之章「福利」	1	1	1	0
7	天影之章	1	1	1	0
7	贵族狂神章	1	1	1	0
7	贵族狂⒄	1	1	1	0
7	贵族狂章	1	1	1	0
7	影之章「MAX」	1	1	1	0
7	〓绝〓	1	1	1	0
7	“世界大咖”微章	1	1	1	0
2	0	1	1	1	0
2	0	1	1	1	0
2	0	1	1	1	0
2	----------	1	1	1	0
1	0	1	1	1	0
6	0	1	1	1	0
1	0	1	1	1	0
6	0	1	1	1	0
7	0	1	1	1	0
7	0	1	1	1	0
7	0	1	1	1	0
7	0	1	1	1	0
7	0	1	1	1	0
7	0	1	1	1	0
7	0	1	1	1	0
7	0	1	1	1	0
2	0	1	1	1	0
7	0	1	1	1	0
7	0	1	1	1	0
7	0	1	1	1	0
7	0	1	1	1	0
7	0	1	1	1	0
7	0	1	1	1	0
7	0	1	1	1	0
7	★碧玉青罡★	1	1	1	0
7	★双龙魔焰★	1	1	1	0
5	斩妖除魔の(怀愁)	1	1	1	0
2	------------217	1	1	1	0
1	麻痹戒指+1	1	1	1	0
6	216	1	1	1	0
6	复活戒指+1	1	1	1	0
1	麻痹戒指+2	1	1	1	0
2	215	1	1	1	0
6	复活戒指+2	1	1	1	0
1	麻痹戒指+3	1	1	1	0
2	214	1	1	1	0
6	复活戒指+3	1	1	1	0
1	麻痹戒指+4	1	1	1	0
2	213	1	1	1	0
6	复活戒指+4	1	1	1	0
1	麻痹戒指+5	1	1	1	0
2	212	1	1	1	0
6	复活戒指+5	1	1	1	0
1	武士麻痹+6	1	1	1	0
2	211	1	1	1	0
6	道士复活+6	1	1	1	0
1	圣战麻痹+7	1	1	1	0
2	210	1	1	1	0
6	道颠复活+7	1	1	1	0
1	狂神麻痹+8	1	1	1	0
2	209	1	1	1	0
6	八卦复活+8	1	1	1	0
1	寒冰麻痹+9	1	1	1	0
2	208	1	1	1	0
6	寒冰复活+9	1	1	1	0
1	终极・逆火涅麻痹	1	1	1	0
6	终极・玄奥魔灵复活	1	1	1	0
2	207	1	1	1	0
2	------------206	1	1	1	0
1	侠客斗笠+11	1	1	1	0
1	白银斗笠+21	1	1	1	0
1	黄金斗笠+31	1	1	1	0
1	赤月斗笠+41	1	1	1	0
1	热血斗笠+51	1	1	1	0
1	传奇斗笠+61	1	1	1	0
1	传说斗笠+71	1	1	1	0
1	无双斗笠+81	1	1	1	0
1	霸者斗笠+91	1	1	1	0
1	终极・武林盟主斗笠	1	1	1	0
2	------------205	1	1	1	0
7	生命血石+1	1	1	1	0
7	生命血石+2	1	1	1	0
7	生命血石+3	1	1	1	0
7	生命血石+4	1	1	1	0
7	生命血石+5	1	1	1	0
7	生命血石+6	1	1	1	0
7	生命血石+7	1	1	1	0
7	生命血石+8	1	1	1	0
7	生命血石+9	1	1	1	0
7	终极・生命血石	1	1	1	0
2	--------204	1	1	1	0
1	203	1	1	1	0
1	202	1	1	1	0
1	201	1	1	1	0
1	200	1	1	1	0
1	199	1	1	1	0
1	198	1	1	1	0
2	--------197	1	1	1	0
1	196	1	1	1	0
1	195	1	1	1	0
1	193	1	1	1	0
1	194	1	1	1	0
1	192	1	1	1	0
1	191	1	1	1	0
2	190	1	1	1	0
1	紫金葫【爆】法器・一	1	1	1	0
1	断魂弓【爆】法器・二	1	1	1	0
1	鸿蒙镜【爆】法器・三	1	1	1	0
1	开山斧【爆】法器・四	1	1	1	0
1	两仪冰【爆】法器・五	1	1	1	0
1	判官笔【爆】法器・六	1	1	1	0
2	--------189	1	1	1	0
1	伏羲琴【伤】法器・一	1	1	1	0
1	破魂珠【伤】法器・二	1	1	1	0
1	太平令【伤】法器・三	1	1	1	0
1	天魂坠【伤】法器・四	1	1	1	0
1	打神鞭【伤】法器・五	1	1	1	0
1	天羽冠【伤】法器・六	1	1	1	0
2	------------188	1	1	1	0
1	时装・小鸡披风	1	1	1	0
1	时装・小鹿披风	1	1	1	0
1	时装・蝙蝠披风	1	1	1	0
1	时装・虎卫披风	1	1	1	0
1	时装・蝎蛇披风	1	1	1	0
1	时装・雪人披风	1	1	1	0
1	时装・巨人披风	1	1	1	0
1	时装・骷髅披风	1	1	1	0
1	时装・祖玛披风	1	1	1	0
1	时装・沃玛披风	1	1	1	0
1	时装・黄泉披风	1	1	1	0
1	187	1	1	1	0
1	风暴骑士	1	1	1	0
1	火焰剑士	1	1	1	0
1	噩梦牛仔	1	1	1	0
1	神圣裁决	1	1	1	0
2	182	1	1	1	0
2	------181	1	1	1	0
1	无轩の散魄(麻)	1	1	1	0
6	无轩の斩魄(复)	1	1	1	0
1	★★仙者★★	1	1	1	0
6	★★灵者★★	1	1	1	0
2	180	1	1	1	0
2	179	1	1	1	0
2	178	1	1	1	0
2	177	1	1	1	0
2	176	1	1	1	0
2	175	1	1	1	0
1	174	1	1	1	0
1	173	1	1	1	0
1	172	1	1	1	0
1	171	1	1	1	0
1	疾风剑灵	1	1	1	0
1	恶魔剑手	1	1	1	0
1	时装七	1	1	1	0
1	黑暗铠甲	1	1	1	0
1	天空战甲	1	1	1	0
1	神圣机甲	1	1	1	0
1	159	1	1	1	0
1	158	1	1	1	0
1	162	1	1	1	0
2	161	1	1	1	0
1	160	1	1	1	0
1	159	1	1	1	0
1	158	1	1	1	0
1	157	1	1	1	0
1	156	1	1	1	0
1	155	1	1	1	0
2	154	1	1	1	0
1	153	1	1	1	0
1	152	1	1	1	0
1	151	1	1	1	0
1	150	1	1	1	0
1	149	1	1	1	0
1	148	1	1	1	0
2	147	1	1	1	0
1	146	1	1	1	0
1	145	1	1	1	0
1	144	1	1	1	0
1	143	1	1	1	0
1	142	1	1	1	0
1	141	1	1	1	0
2	140	1	1	1	0
2	139	1	1	1	0
5	凤凰の飞	1	1	1	0
5	a￠誓言(太极)	1	1	1	0
5	「a古・封魔」	1	1	1	0
2	138	1	1	1	0
2	137	1	1	1	0
2	136	1	1	1	0
2	135	1	1	1	0
2	134	1	1	1	0
2	133	1	1	1	0
7	血怒MAX	1	1	1	0
7	“笑脸猫”	1	1	1	0
2	132	1	1	1	0
2	------------131	1	1	1	0
5	∷葬∷	1	1	1	0
5	「毙命」づ	1	1	1	0
5	≮最后的轻语≯	1	1	1	0
7	130	1	1	1	0
7	129	1	1	1	0
7	128	1	1	1	0
5	死亡滴血链	1	1	1	0
5	死亡泣血链	1	1	1	0
5	「伤害」死亡凋零坠	1	1	1	0
5	「暴击」死亡凋零坠	1	1	1	0
5	「伤害」毁天灭地坠	1	1	1	0
5	「暴击」毁天灭地坠	1	1	1	0
1	斗转星移	1	1	1	0
2	127	1	1	1	0
5	神王の拳(残)	1	1	1	0
5	至高の拳(精)	1	1	1	0
5	死神の握(残)	1	1	1	0
5	诸神の握(精)	1	1	1	0
1	死の亡1	1	1	1	0
1	帝の王1	1	1	1	0
1	恩の仇1	1	1	1	0
1	爱の恨1	1	1	1	0
1	罪の罚1	1	1	1	0
1	天の地1	1	1	1	0
1	血の泪1	1	1	1	0
1	决の战1	1	1	1	0
1	决の杀1	1	1	1	0
1	救の赎1	1	1	1	0
1	折の射1	1	1	1	0
1	千机の变	1	1	1	0
5	逆转乾坤戒「残品」	1	1	1	0
5	斗转星移戒「神器」	1	1	1	0
2	------------126	1	1	1	0
1	致命强袭Lv1	1	1	1	0
1	致命强袭Lv2	1	1	1	0
1	致命强袭Lv3	1	1	1	0
1	致命强袭Lv4	1	1	1	0
1	致命强袭Lv5	1	1	1	0
1	致命强袭Lv6	1	1	1	0
1	致命强袭Lv7	1	1	1	0
1	致命强袭Lv8	1	1	1	0
1	致命强袭Lv9	1	1	1	0
1	致命强袭Lv10	1	1	1	0
1	致命强袭Lv11	1	1	1	0
1	致命强袭Lv12	1	1	1	0
1	致命强袭Lv13	1	1	1	0
1	致命强袭Lv14	1	1	1	0
1	致命强袭Lv15	1	1	1	0
1	致命强袭Lv16	1	1	1	0
1	腥红血值Lv1	1	1	1	0
1	腥红血值Lv2	1	1	1	0
1	腥红血值Lv3	1	1	1	0
1	腥红血值Lv4	1	1	1	0
1	腥红血值Lv5	1	1	1	0
1	腥红血值Lv6	1	1	1	0
1	腥红血值Lv7	1	1	1	0
1	腥红血值Lv8	1	1	1	0
1	腥红血值Lv9	1	1	1	0
1	腥红血值Lv10	1	1	1	0
1	致命强袭Lv17	1	1	1	0
1	金身护体Lv1	1	1	1	0
1	金身护体Lv2	1	1	1	0
1	金身护体Lv3	1	1	1	0
1	金身护体Lv4	1	1	1	0
1	金身护体Lv5	1	1	1	0
1	金身护体Lv6	1	1	1	0
1	金身护体Lv7	1	1	1	0
1	金身护体Lv8	1	1	1	0
1	金身护体Lv9	1	1	1	0
1	金身护体Lv10	1	1	1	0
1	致命强袭Lv18	1	1	1	0
1	蓄力重击Lv1	1	1	1	0
1	蓄力重击Lv2	1	1	1	0
1	蓄力重击Lv3	1	1	1	0
1	蓄力重击Lv4	1	1	1	0
1	蓄力重击Lv5	1	1	1	0
1	蓄力重击Lv6	1	1	1	0
1	蓄力重击Lv7	1	1	1	0
1	蓄力重击Lv8	1	1	1	0
1	蓄力重击Lv9	1	1	1	0
1	蓄力重击Lv10	1	1	1	0
1	致命强袭Lv19	1	1	1	0
1	腥红血值Lv11	1	1	1	0
1	腥红血值Lv12	1	1	1	0
1	腥红血值Lv13	1	1	1	0
1	腥红血值Lv14	1	1	1	0
1	腥红血值Lv15	1	1	1	0
1	腥红血值Lv16	1	1	1	0
1	腥红血值Lv17	1	1	1	0
1	腥红血值Lv18	1	1	1	0
1	腥红血值Lv19	1	1	1	0
1	腥红血值Lv20	1	1	1	0
1	致命强袭Lv20	1	1	1	0
1	金身护体Lv11	1	1	1	0
1	金身护体Lv12	1	1	1	0
1	金身护体Lv13	1	1	1	0
1	金身护体Lv14	1	1	1	0
1	金身护体Lv15	1	1	1	0
1	金身护体Lv16	1	1	1	0
1	金身护体Lv17	1	1	1	0
1	金身护体Lv18	1	1	1	0
1	金身护体Lv19	1	1	1	0
1	金身护体Lv20	1	1	1	0
1	---------125	1	1	1	0
1	蓄力重击Lv11	1	1	1	0
1	蓄力重击Lv12	1	1	1	0
1	蓄力重击Lv13	1	1	1	0
1	蓄力重击Lv14	1	1	1	0
1	蓄力重击Lv15	1	1	1	0
1	蓄力重击Lv16	1	1	1	0
1	蓄力重击Lv17	1	1	1	0
1	蓄力重击Lv18	1	1	1	0
1	蓄力重击Lv19	1	1	1	0
1	蓄力重击Lv20	1	1	1	0
1	---------124	1	1	1	0
1	灵动精神Lv1	1	1	1	0
1	灵动精神Lv2	1	1	1	0
1	灵动精神Lv3	1	1	1	0
1	灵动精神Lv4	1	1	1	0
1	灵动精神Lv5	1	1	1	0
1	灵动精神Lv6	1	1	1	0
1	灵动精神Lv7	1	1	1	0
1	灵动精神Lv8	1	1	1	0
1	灵动精神Lv9	1	1	1	0
1	灵动精神Lv10	1	1	1	0
1	123	1	1	1	0
1	灵动精神Lv11	1	1	1	0
1	灵动精神Lv12	1	1	1	0
1	灵动精神Lv13	1	1	1	0
1	灵动精神Lv14	1	1	1	0
1	灵动精神Lv15	1	1	1	0
1	灵动精神Lv16	1	1	1	0
1	灵动精神Lv17	1	1	1	0
1	灵动精神Lv18	1	1	1	0
1	灵动精神Lv19	1	1	1	0
1	灵动精神Lv20	1	1	1	0
2	---------122	1	1	1	0
2	金币	1	1	1	0
2	-----捐献名次-----	1	1	1	0
1	捐献第一名	1	1	1	0
1	捐献第二名	1	1	1	0
1	捐献第三名	1	1	1	0
1	捐献第四名	1	1	1	0
1	捐献第五名	1	1	1	0
1	捐献第六名	1	1	1	0
1	热血战场	1	1	1	0
1	拔剑四顾求一败	1	1	1	0
1	狂111项链111	1	1	1	0
1	捐献榜第一	1	1	1	0
1	捐献榜第二	1	1	1	0
1	捐献榜第三	1	1	1	0
1	捐献榜保底	1	1	1	0
1	------新增武器--------	1	1	1	0
4	破馆珍剑の祈祷	1	1	1	0
4	追忆・(木剑)・仙	1	1	1	0
4	冰火仙器・冰封万里	1	1	1	0
4	≮鸿蒙≯光子剑	1	1	1	0
4	天魔斩★★★★	1	1	1	0
1	备用	1	1	1	0
1	备用	1	1	1	0
1	备用	1	1	1	0
1	备用	1	1	1	0
1	备用	1	1	1	0
1	------新增衣服--------	1	1	1	0
3	巴黎の时装(男)	1	1	1	0
3	七星逐月甲♂	1	1	1	0
3	寐语者(残云)	1	1	1	0
3	墨雪づ天琊	1	1	1	0
3	轻装上阵.★★★	1	1	1	0
1	备用121	1	1	1	0
1	备用120	1	1	1	0
1	备用119	1	1	1	0
1	备用118	1	1	1	0
1	备用117	1	1	1	0
1	------新增首饰--------116	1	1	1	0
5	―神之盔―	1	1	1	0
5	―神之链―	1	1	1	0
5	―神之腕―	1	1	1	0
5	―神之镯―	1	1	1	0
5	―神之戒―	1	1	1	0
5	―神之指―	1	1	1	0
7	―神之带―	1	1	1	0
7	―神之靴―	1	1	1	0
1	------新增首饰--------115	1	1	1	0
5	紫嫣・万红	1	1	1	0
5	武林盟主・丧魂	1	1	1	0
5	神话・世界	1	1	1	0
5	神之・制裁	1	1	1	0
5	剑破・苍穹	1	1	1	0
5	洪荒・圣光	1	1	1	0
7	恒古・不灭	1	1	1	0
7	暗黑・次元	1	1	1	0
1	------新增首饰--------114	1	1	1	0
5	天道・封之禁	1	1	1	0
5	天道・困之禁	1	1	1	0
5	天道・仙之禁	1	1	1	0
5	天道・灵之禁	1	1	1	0
5	天道・虚之禁	1	1	1	0
5	天道・空之禁	1	1	1	0
7	天道・尊之禁	1	1	1	0
7	天道・坤之禁	1	1	1	0
1	------新增首饰--------113	1	1	1	0
5	终极・盖世・千年	1	1	1	0
5	终极・盖世・乱世	1	1	1	0
5	终极・盖世・明月	1	1	1	0
5	终极・盖世・苍穹	1	1	1	0
5	终极・盖世・笑傲	1	1	1	0
5	终极・盖世・江湖	1	1	1	0
7	终极・盖世・九阳	1	1	1	0
7	终极・盖世・无双	1	1	1	0
1	------新增首饰--------112	1	1	1	0
5	〈O〉g末世头盔	1	1	1	0
5	〈O〉g末世项链	1	1	1	0
5	〈O〉g末世手镯	1	1	1	0
5	〈O〉g末世护腕	1	1	1	0
5	〈O〉g末世戒指	1	1	1	0
5	〈O〉g末世指环	1	1	1	0
7	〈O〉g末世腰带	1	1	1	0
7	〈O〉g末世靴子	1	1	1	0
2	------备用----------111	1	1	1	0
2	备用1	1	1	1	0
2	备用2	1	1	1	0
2	备用3	1	1	1	0
2	备用4	1	1	1	0
2	备用5	1	1	1	0
2	备用6	1	1	1	0
2	备用7	1	1	1	0
2	备用8	1	1	1	0
2	------备用----------110	1	1	1	0
2	备用9	1	1	1	0
2	备用10	1	1	1	0
2	备用11	1	1	1	0
2	备用12	1	1	1	0
2	备用13	1	1	1	0
2	备用14	1	1	1	0
2	备用15	1	1	1	0
2	备用16	1	1	1	0
2	------新增专属类型12345------	1	1	1	0
7	兽皮腰带「LV牌」	1	1	1	0
6	半兽人之怒	1	1	1	0
5	冠状病毒	1	1	1	0
1	群体施毒术	1	1	1	0
5	金焰双戒	1	1	1	0
4	神之屠龙★★★	1	1	1	0
1	安拉胡阿克巴	1	1	1	0
3	野猪皮甲	1	1	1	0
1	万古木灵	1	1	1	0
1	仙の土灵珠	1	1	1	0
7	魔龙之心	1	1	1	0
4	九阳・龙骨	1	1	1	0
5	月光宝盒戒	1	1	1	0
5	赤明天帝	1	1	1	0
5	虹吸吊坠	1	1	1	0
5	月圆之夜	1	1	1	0
7	熔岩战靴	1	1	1	0
7	王膝「圣」	1	1	1	0
7	王束「圣」	1	1	1	0
3	“魔龙之翼”	1	1	1	0
5	幽冥鬼爪	1	1	1	0
5	傀儡の隐	1	1	1	0
5	寒冬之咬	1	1	1	0
7	天域・凝霜	1	1	1	0
2	备用17	1	1	1	0
2	备用18	1	1	1	0
2	备用19	1	1	1	0
2	备用20	1	1	1	0
2	备用21	1	1	1	0
2	备用22	1	1	1	0
2	备用23	1	1	1	0
2	------新增专属类型6------	1	1	1	0
7	族长印记	1	1	1	0
5	部落图腾	1	1	1	0
6	日炙煤炭	1	1	1	0
1	永燃圣火	1	1	1	0
5	刮骨者	1	1	1	0
5	梦棘戒指	1	1	1	0
7	尾钉	1	1	1	0
5	海蛇之击	1	1	1	0
5	恶魔之击	1	1	1	0
5	食人魔作战头盔	1	1	1	0
7	冰霜光环	1	1	1	0
7	巨螯	1	1	1	0
4	炽燃余烬战刃	1	1	1	0
1	堕暗秘药	1	1	1	0
3	【月神之羽】	1	1	1	0
2	备用24	1	1	1	0
2	备用25	1	1	1	0
2	备用26	1	1	1	0
2	备用27	1	1	1	0
2	备用28	1	1	1	0
2	------新增专属类型7------	1	1	1	0
5	皇家荣耀	1	1	1	0
4	灰烬使者	1	1	1	0
1	银色北伐军卷轴	1	1	1	0
5	虔诚者之怒	1	1	1	0
1	上古之神・躯体	1	1	1	0
1	上古之神・甲壳	1	1	1	0
1	上古之神・外鞘	1	1	1	0
1	克苏恩之眼	1	1	1	0
4	霜之哀伤	1	1	1	0
1	火之高兴	1	1	1	0
5	巫妖王头盔	1	1	1	0
1	膜法・生命+1S	1	1	1	0
3	青铜・流沙之鳞	1	1	1	0
6	生命束缚	1	1	1	0
4	红龙女王の裁决	1	1	1	0
4	翡翠梦境之刃	1	1	1	0
7	暮光审判	1	1	1	0
7	虹膜之钥	1	1	1	0
3	蓝龙・流冰之铠	1	1	1	0
1	黑石塔之王	1	1	1	0
7	屠龙者的纹章	1	1	1	0
1	巨龙之子印记	1	1	1	0
7	巨龙之魂	1	1	1	0
1	巨龙领主之喉	1	1	1	0
5	死亡の化身	1	1	1	0
4	死亡之源・大地之颤	1	1	1	0
1	屠龙勇士	1	1	1	0
1	银色北伐军	1	1	1	0
1	上古之神・灵魂	1	1	1	0
2	--------109	1	1	1	0
1	英雄の荣耀	1	1	1	0
3	≮不死之身≯・太古	1	1	1	0
5	界王拳	1	1	1	0
5	魔界・指环王	1	1	1	0
1	风行☆	1	1	1	0
1	雷罚☆	1	1	1	0
1	炎袭☆	1	1	1	0
1	凝霜☆	1	1	1	0
1	虫噬☆	1	1	1	0
1	天谴☆	1	1	1	0
1	暗影・匿行	1	1	1	0
7	霸王之鬼气	1	1	1	0
4	★★★圣魔斩★★★	1	1	1	0
5	万古尸心	1	1	1	0
1	魔界之源	1	1	1	0
2	备用108	1	1	1	0
2	------------107	1	1	1	0
1	伏羲琴【精】法器・一	1	1	1	0
1	破魂珠【精】法器・二	1	1	1	0
1	太平令【精】法器・三	1	1	1	0
1	天魂坠【精】法器・四	1	1	1	0
1	打神鞭【精】法器・五	1	1	1	0
1	天羽冠【精】法器・六	1	1	1	0
1	--------------106	1	1	1	0
1	伏羲琴【神】法器・一	1	1	1	0
1	破魂珠【神】法器・二	1	1	1	0
1	太平令【神】法器・三	1	1	1	0
1	天魂坠【神】法器・四	1	1	1	0
1	打神鞭【神】法器・五	1	1	1	0
1	天羽冠【神】法器・六	1	1	1	0
2	----------------105	1	1	1	0
1	六脉・仙之开天剑	1	1	1	0
1	六脉・仙之逐日剑	1	1	1	0
1	六脉・仙之烈火剑	1	1	1	0
1	六脉・仙之刺杀剑	1	1	1	0
1	六脉・仙之半月剑	1	1	1	0
1	六脉・仙之攻杀剑	1	1	1	0
2	--------------------104	1	1	1	0
1	【神器】六脉・开天剑	1	1	1	0
1	【神器】六脉・逐日剑	1	1	1	0
1	【神器】六脉・烈火剑	1	1	1	0
1	【神器】六脉・刺杀剑	1	1	1	0
1	【神器】六脉・半月剑	1	1	1	0
1	【神器】六脉・攻杀剑	1	1	1	0
2	-----------------103	1	1	1	0
1	王权之卫「1.1倍」	1	1	1	0
1	皇室之威「1.2倍」	1	1	1	0
2	----------102	1	1	1	0
1	蛛卵	1	1	1	0
1	虫卵	1	1	1	0
1	变异虫卵	1	1	1	0
1	蜘蛛精华	1	1	1	0
2	------------101	1	1	1	0
1	至善之眼	1	1	1	0
5	穿骨★	1	1	1	0
5	灵魂之卫	1	1	1	0
1	赛亚の救赎	1	1	1	0
5	地狱一族	1	1	1	0
5	暴风之力	1	1	1	0
4	DIBOLO・大菠萝	1	1	1	0
7	觉々醒	1	1	1	0
3	【莉莉妮特】	1	1	1	0
7	≤遗忘之心≥	1	1	1	0
1	≤遗忘之心≥制作图	1	1	1	0
2	29	1	1	1	0
2	30	1	1	1	0
1	兽骨1	1	1	1	0
1	腐肉1	1	1	1	0
1	赤月果1	1	1	1	0
1	野猪毛1	1	1	1	0
1	魔龙血1	1	1	1	0
1	枯木碳1	1	1	1	0
1	虹魔心脏1	1	1	1	0
1	教主权杖1	1	1	1	0
1	火龙珠1	1	1	1	0
1	鬼魂珠1	1	1	1	0
1	火龙心脏1	1	1	1	0
1	冰莲花1	1	1	1	0
1	遗迹石碑	1	1	1	0
1	火焰结晶	1	1	1	0
1	彼岸花	1	1	1	0
1	远古巨龙印记	1	1	1	0
1	巫妖印记	1	1	1	0
1	暗黑印记	1	1	1	0
1	古神印记	1	1	1	0
2	--------------100	1	1	1	0
1	初出茅庐	1	1	1	0
1	武林新丁	1	1	1	0
1	斩露头角	1	1	1	0
1	小有名气	1	1	1	0
1	声名鹊起	1	1	1	0
1	名动四方	1	1	1	0
1	纵横江湖	1	1	1	0
1	天下闻名	1	1	1	0
1	威震九州	1	1	1	0
1	一代宗师	1	1	1	0
1	万夫莫敌	1	1	1	0
1	傲视群雄	1	1	1	0
1	独孤求败	1	1	1	0
1	大道至极	1	1	1	0
1	披甲战群魔	1	1	1	0
1	策马疾风云	1	1	1	0
1	纵横天地王	1	1	1	0
1	九死一生江湖路	1	1	1	0
1	破灭万劫乱天命	1	1	1	0
1	苍天掠地伏仙魔	1	1	1	0
1	天影・最强霸主	1	1	1	0
1	魔法盾	1	1	1	0
1	十步一杀	1	1	1	0
1	命运水晶【九转】1	1	1	1	0
1	命运之书【九转】1	1	1	1	0
1	命运水晶【十转】1	1	1	1	0
1	命运之书【十转】1	1	1	1	0
1	称号卷轴	1	1	1	0
1	武林盟主VIP	1	1	1	0
1	捐献使者	1	1	1	0
1	上古之王	1	1	1	0
1	古神之体LV1	1	1	1	0
1	古神之体LV2	1	1	1	0
1	古神之体LV3	1	1	1	0
1	古神之体LV4	1	1	1	0
1	古神之体(圆满)	1	1	1	0
2	31	1	1	1	0
1	元神觉醒	1	1	1	0
2	32	1	1	1	0
1	嗜血如命Lv1	1	1	1	0
1	嗜血如命Lv2	1	1	1	0
1	嗜血如命Lv3	1	1	1	0
1	嗜血如命Lv4	1	1	1	0
1	嗜血如命Lv5	1	1	1	0
1	嗜血如命Lv6	1	1	1	0
1	嗜血如命Lv7	1	1	1	0
1	嗜血如命Lv8	1	1	1	0
1	嗜血如命Lv9	1	1	1	0
1	嗜血如命Lv10	1	1	1	0
1	嗜血如命Lv11	1	1	1	0
1	嗜血如命Lv12	1	1	1	0
1	嗜血如命Lv13	1	1	1	0
1	嗜血如命Lv14	1	1	1	0
1	嗜血如命Lv15	1	1	1	0
1	嗜血如命Lv16	1	1	1	0
1	嗜血如命Lv17	1	1	1	0
1	嗜血如命Lv18	1	1	1	0
1	嗜血如命Lv19	1	1	1	0
1	嗜血如命Lv20	1	1	1	0
2	33	1	1	1	0
2	34	1	1	1	0
1	斗转星移lv.1	1	1	1	0
1	斗转星移lv.2	1	1	1	0
1	斗转星移lv.3	1	1	1	0
1	斗转星移lv.4	1	1	1	0
1	斗转星移lv.5	1	1	1	0
1	斗转星移lv.6	1	1	1	0
1	斗转星移lv.7	1	1	1	0
1	斗转星移lv.8	1	1	1	0
1	斗转星移lv.9	1	1	1	0
1	斗转星移MAX	1	1	1	0
1	进击的巨人	1	1	1	0
2	35	1	1	1	0
2	36	1	1	1	0
1	一重天:宗动天	1	1	1	0
1	二重天:常静天	1	1	1	0
1	三重天:土星天	1	1	1	0
1	四重天:木星天	1	1	1	0
1	五重天:火星天	1	1	1	0
1	六重天:日轮天	1	1	1	0
1	七重天:金星天	1	1	1	0
1	八重天:水星天	1	1	1	0
1	九重天:月轮天	1	1	1	0
2	37	1	1	1	0
2	38	1	1	1	0
2	39	1	1	1	0
2	40	1	1	1	0
2	41	1	1	1	0
2	42	1	1	1	0
2	43	1	1	1	0
2	44	1	1	1	0
2	45	1	1	1	0
2	46	1	1	1	0
2	47	1	1	1	0
2	48	1	1	1	0
2	49	1	1	1	0
2	武林盟主VIP	1	1	1	0
2	--------新增物品-------	1	1	1	0
3	镇魂曲：地狱板甲	1	1	1	0
1	真・魄	1	1	1	0
6	力量的象征	1	1	1	0
1	「天地初开」鸿蒙	1	1	1	0
7	蛮荒之力	1	1	1	0
7	狮蛮带	1	1	1	0
5	麒麟臂・「伤」	1	1	1	0
5	阴阳法环	1	1	1	0
7	修罗	1	1	1	0
4	万剑之王-西方之焰	1	1	1	0
5	统领臂章	1	1	1	0
7	号令之旗	1	1	1	0
5	新冠状病毒	1	1	1	0
5	潘夜之泪	1	1	1	0
5	海底月光	1	1	1	0
5	浮幽の头盔	1	1	1	0
3	(幽蓝)・寒冰铠甲	1	1	1	0
1	异・狂乱之触★★	1	1	1	0
2	50	1	1	1	0
5	破该仔	1	1	1	0
7	我是你爹	1	1	1	0
7	嫖断	1	1	1	0
1	钞能力使者卷轴	1	1	1	0
1	钞能力使者	1	1	1	0
2	51	1	1	1	0
2	52	1	1	1	0
2	53	1	1	1	0
2	54	1	1	1	0
2	55	1	1	1	0
2	56	1	1	1	0
2	57	1	1	1	0
2	----中土--------	1	1	1	0
4	‘自然之力’	1	1	1	0
5	追光者	1	1	1	0
7	宝藏・古代护符	1	1	1	0
5	卡罗蛇眼	1	1	1	0
5	人面兽心	1	1	1	0
5	′屠戮者’	1	1	1	0
1	黑暗料理	1	1	1	0
7	精准打击	1	1	1	0
3	≮魔能战甲≯	1	1	1	0
7	巨兽脊骨	1	1	1	0
1	卡丽妲果实	1	1	1	0
7	精灵：森林之子	1	1	1	0
3	正义№使者：灰袍	1	1	1	0
5	暗黑の眼	1	1	1	0
5	超脱者・太虚	1	1	1	0
1	“雾隐”	1	1	1	0
4	神圣う之力	1	1	1	0
6	伊鲁伯・大帝	1	1	1	0
1	恶龙髓液	1	1	1	0
4	永恒战矛-Gungnir	1	1	1	0
1	●●魔王之心●●1	1	1	1	0
3	★魔王之魂：骸	1	1	1	0
1	魔化±灵魂莲华	1	1	1	0
3	裂魂异次元-封魔铠	1	1	1	0
2	阿肯宝石	1	1	1	0
5	一气化三清	1	1	1	0
2	58	1	1	1	0
2	59	1	1	1	0
6	灵宝・诸仙庆云	1	1	1	0
1	翻天印	1	1	1	0
1	阴阳镜	1	1	1	0
1	太极图	1	1	1	0
1	玄黄塔	1	1	1	0
2	琉璃光环	1	1	1	0
4	离火之精・斩仙飞刀	1	1	1	0
4	天道圣宝・盘古幡	1	1	1	0
4	斩仙剑・S	1	1	1	0
1	钛合金狗眼	1	1	1	0
1	雷霆嘎巴	1	1	1	0
1	混天绫	1	1	1	0
1	乾坤圈	1	1	1	0
1	风火轮	1	1	1	0
1	火尖枪	1	1	1	0
1	时装・雷霆嘎巴	1	1	1	0
2	60	1	1	1	0
3	‘钢铁之躯’	1	1	1	0
1	爱德曼金属	1	1	1	0
1	草木之灵	1	1	1	0
1	光学透镜	1	1	1	0
2	61	1	1	1	0
2	----------------	1	1	1	0
3	至阴・坎水式袍	1	1	1	0
4	纯阳・乾金之剑	1	1	1	0
1	大药葫芦	1	1	1	0
1	芭蕉扇	1	1	1	0
1	倒骑仙驴	1	1	1	0
1	柔木花篮	1	1	1	0
1	洞箫	1	1	1	0
1	笏声玉板	1	1	1	0
2	62	1	1	1	0
2	63	1	1	1	0
2	七星・天枢	1	1	1	0
2	七星・天璇	1	1	1	0
2	七星・天玑	1	1	1	0
2	七星・天权	1	1	1	0
2	七星・天魁	1	1	1	0
2	七星・天阳	1	1	1	0
2	七星・玉衡	1	1	1	0
2	64	1	1	1	0
2	65	1	1	1	0
2	66	1	1	1	0
2	67	1	1	1	0
2	68	1	1	1	0
2	69	1	1	1	0
2	70	1	1	1	0
2	71	1	1	1	0
2	72	1	1	1	0
2	---------------73	1	1	1	0
4	★aの力量(墨玉)	1	1	1	0
4	№神迹“荒古圣剑	1	1	1	0
4	伤心花(SSS)	1	1	1	0
4	∷日∷月∷星∷辰∷	1	1	1	0
2	75	1	1	1	0
2	76	1	1	1	0
3	魔e火焰神铠★	1	1	1	0
3	『堕落大天使』“神铠	1	1	1	0
3	《天穹》№神罚战甲	1	1	1	0
3	蠓捎惴蟆秆愠帷	1	1	1	0
2	77	1	1	1	0
2	-------------74	1	1	1	0
4	聚光剑・破幻者	1	1	1	0
2	78	1	1	1	0
2	79	1	1	1	0
2	蛮荒大陆传送石	1	1	1	0
2	80	1	1	1	0
1	聚宝盆	1	1	1	0
2	81	1	1	1	0
2	----------82	1	1	1	0
1	青龙之力	1	1	1	0
1	白虎之力	1	1	1	0
1	朱雀之力	1	1	1	0
1	玄武之力	1	1	1	0
2	83	1	1	1	0
1	青龙之力★	1	1	1	0
1	白虎之力★	1	1	1	0
1	朱雀之力★	1	1	1	0
1	玄武之力★	1	1	1	0
2	84	1	1	1	0
1	青龙之力★★	1	1	1	0
1	白虎之力★★	1	1	1	0
1	朱雀之力★★	1	1	1	0
1	玄武之力★★	1	1	1	0
2	85	1	1	1	0
1	青龙之力★★★	1	1	1	0
1	白虎之力★★★	1	1	1	0
1	朱雀之力★★★	1	1	1	0
1	玄武之力★★★	1	1	1	0
2	-----------86	1	1	1	0
1	避孕套	1	1	1	0
2	87	1	1	1	0
2	88	1	1	1	0
2	89	1	1	1	0
2	90	1	1	1	0
2	91	1	1	1	0
2	92	1	1	1	0
2	93	1	1	1	0
2	94	1	1	1	0
2	----新增----	1	1	1	0
1	补天神石	1	1	1	0
3	鲲鹏・羽翼	1	1	1	0
2	-------95	1	1	1	0
1	暴食之口	1	1	1	0
1	妒忌之舌	1	1	1	0
1	傲慢之眼	1	1	1	0
1	贪婪之手	1	1	1	0
1	怠惰之足	1	1	1	0
1	色欲之心	1	1	1	0
4	暴怒凝聚之剑	1	1	1	0
2	----------96	1	1	1	0
5	禁忌の指环	1	1	1	0
3	六道メ瞬狱影杀阵	1	1	1	0
1	六翼・鬼器	1	1	1	0
1	孟婆汤	1	1	1	0
7	死亡接引	1	1	1	0
7	死亡宣告	1	1	1	0
1	勾魂令	1	1	1	0
7	封魄符	1	1	1	0
4	斩鬼剑・X	1	1	1	0
1	伏妖伞	1	1	1	0
7	催命铃	1	1	1	0
5	″万鬼啸″	1	1	1	0
1	生死簿	1	1	1	0
3	◎◎◎十方の俱灭◎◎◎	1	1	1	0
5	地藏十轮经	1	1	1	0
5	无量劫	1	1	1	0
3	地狱未空・我不成佛	1	1	1	0
2	----97	1	1	1	0
2	----98	1	1	1	0
2	99	1	1	1	0
5	冥日手套g破日	1	1	1	0
5	≮小楼一夜≯	1	1	1	0
5	‘魅语者’	1	1	1	0
5	死神・「邪力」	1	1	1	0
5	金库之谜′	1	1	1	0
5	海洋之心.★★★	1	1	1	0
5	苦痛±皇冠「加勉」	1	1	1	0
1	●潜龙・勿用●	1	1	1	0
7	破血′狂攻′	1	1	1	0
7	阎罗-失魂	1	1	1	0
4	淘汰№之刃・AVIO	1	1	1	0
5	腕・VS・豪	1	1	1	0
1	七杀・令	1	1	1	0
1	魔戒・进阶	1	1	1	0
1	魔戒・稀有	1	1	1	0
1	魔戒・史诗	1	1	1	0
7	玛法№创世纪	1	1	1	0
1	玛法№创世纪制作图	1	1	1	0
2	中土大陆传送石	1	1	1	0
4	封・抹灭众生	1	1	1	0
4	细雪之舞	1	1	1	0
4	灭・神	1	1	1	0
4	天光圣剑-max	1	1	1	0
4	残影剑	1	1	1	0
4	遗・忘	1	1	1	0
3	花花公子	1	1	1	0
3	念娇奴	1	1	1	0
3	福柏斯光甲[坦神]	1	1	1	0
3	梵风衣	1	1	1	0
3	碧玉锁甲	1	1	1	0
3	乞丐少爷	1	1	1	0
1	暗裔	1	1	1	0
1	卡勒特的红色面巾	1	1	1	0
1	女妖・面纱	1	1	1	0
1	最终・九鬼破天	1	1	1	0
1	光影	1	1	1	0
1	烈焰盾	1	1	1	0
1	无限恐怖	1	1	1	0
1	灭世・无法无天	1	1	1	0
5	终结者	1	1	1	0
5	炎蟒战盔	1	1	1	0
5	灵魂沙硕	1	1	1	0
5	无尽的迷失	1	1	1	0
5	怒吼镇天[星火]	1	1	1	0
5	幽冥黑莲项坠	1	1	1	0
5	海洋―★	1	1	1	0
5	无尽岁月的杀戮	1	1	1	0
5	学者护腕	1	1	1	0
5	飘渺神镯・乾坤	1	1	1	0
5	邪恶的根源	1	1	1	0
5	墨竹手镯	1	1	1	0
5	遗忘罪恶・谎言	1	1	1	0
5	剜心指环	1	1	1	0
5	天神≡指环	1	1	1	0
5	宿命的召唤	1	1	1	0
5	灵犀之心	1	1	1	0
5	魅影重楼・灵宝	1	1	1	0
7	液体腰带	1	1	1	0
7	修行者腰带	1	1	1	0
7	霹雳灰烬	1	1	1	0
7	龙魂风暴(阳)	1	1	1	0
7	固体靴子	1	1	1	0
7	暗黑蛇纹长靴	1	1	1	0
7	不朽之球	1	1	1	0
7	赤天燎原(阴)	1	1	1	0
7	正义女神	1	1	1	0
7	雷沃斯之泪	1	1	1	0
7	炽・天使	1	1	1	0
7	炼わ狱	1	1	1	0
6	星空S之怒(永生)	1	1	1	0
6	哈尼克之心	1	1	1	0
6	苍白之月	1	1	1	0
6	破わ梦	1	1	1	0
1	雅特浩劫	1	1	1	0
1	起愿之符咒	1	1	1	0
1	光芒印记	1	1	1	0
1	神话掌控	1	1	1	0
7	克洛神王	1	1	1	0
7	三重疤痕	1	1	1	0
7	御・龙	1	1	1	0
7	神力S	1	1	1	0
1	鬼斧抹灭[毁]	1	1	1	0
1	鬼斧抹灭[灭]	1	1	1	0
1	鬼斧抹灭[众]	1	1	1	0
1	鬼斧抹灭[生]	1	1	1	0
1	★时わ空★	1	1	1	0
1	★秩わ序★	1	1	1	0
1	★预わ言★	1	1	1	0
1	★神わ秘★	1	1	1	0
1	★众わ神★	1	1	1	0
1	★抹わ杀★	1	1	1	0
7	沉默№恒古不灭	1	1	1	0
1	沉默№恒古不灭设计图	1	1	1	0
1	锁魂绳	1	1	1	0
1	夺命令	1	1	1	0
1	夺魄羽	1	1	1	0
1	还魂酒	1	1	1	0
1	神之号角	1	1	1	0
1	神之宝藏	1	1	1	0
1	神之权杖	1	1	1	0
1	神之秘钥	1	1	1	0
1	天空之花	1	1	1	0
1	天空之锤	1	1	1	0
1	天空之星	1	1	1	0
1	天空之水	1	1	1	0
1	一拳超神	1	1	1	0
1	神罚之城（开拓碎片）	1	1	1	0
1	火力全开	1	1	1	0
1	兰兰她爷爷	1	1	1	0
1	火力全开(称号卷轴)	1	1	1	0
1	兰兰她爷爷(称号卷轴)	1	1	1	0
1	武装色霸气1	1	1	1	0
1	极限海盗灵核	1	1	1	0
1	遗忘拯救者	1	1	1	0
1	遗忘之魂	1	1	1	0
1	雷灵珠	1	1	1	0
1	风灵珠	1	1	1	0
1	水灵珠	1	1	1	0
1	火灵珠	1	1	1	0
1	土灵珠	1	1	1	0
1	满城尽带黄金甲	1	1	1	0
1	扶摇直上九万里	1	1	1	0
1	不如剑啸易水寒	1	1	1	0
1	旌旗十万斩阎罗	1	1	1	0
1	太白如月敌可摧	1	1	1	0
1	我笑他人看不穿	1	1	1	0
1	血染战甲凶魔煞	1	1	1	0
1	一片孤城万仞山	1	1	1	0
1	手提利刃斩前卒	1	1	1	0
1	世上闲人地上仙	1	1	1	0
3	凶神恶煞	1	1	1	0
4	抹灭众生	1	1	1	0
2	天空之城传送石	1	1	1	0
2	神罚之城传送石	1	1	1	0
5	我本沉默・逍遥盔	1	1	1	0
5	我本沉默・逍遥手	1	1	1	0
7	o鞋・地狱[混]	1	1	1	0
7	o带・地狱[沌]	1	1	1	0
5	入梦ピ狂风指环	1	1	1	0
5	入梦ピ狂风项链	1	1	1	0
4	混沌锁魂斩	1	1	1	0
3	天地の防¤毁灭气息	1	1	1	0
5	狂风戒指	1	1	1	0
5	狂风项链	1	1	1	0
4	盘古℃开天辟地	1	1	1	0
3	轩辕噬魂甲の无双	1	1	1	0
5	蚩尤※头	1	1	1	0
5	天荒★★★	1	1	1	0
5	魔ポ魂	1	1	1	0
5	混沌★★★	1	1	1	0
7	☆☆☆上の古靴☆☆☆	1	1	1	0
7	☆☆☆上の古带☆☆☆	1	1	1	0
1	幽№影[破梦]	1	1	1	0
1	燃魂劫火	1	1	1	0
7	五彩石の混元	1	1	1	0
7	魔⊙眼	1	1	1	0
6	◎◎◎◎龙之心◎◎◎◎	1	1	1	0
1	◎◎◎◎霸王令◎◎◎◎	1	1	1	0
1	神ぢ影[烈焰]	1	1	1	0
1	神ぢ行[清风]	1	1	1	0
1	神ぢ风[狂怒]	1	1	1	0
1	神ぢ战[无情]	1	1	1	0
1	「噩」の「念」	1	1	1	0
1	「炎」の「心」	1	1	1	0
1	「轩」の「辕」	1	1	1	0
1	「混」の「元」	1	1	1	0
1	「乾」の「坤」	1	1	1	0
1	「涅」の「」	1	1	1	0
1	亚索	1	1	1	0
1	狂热SSS	1	1	1	0
1	亚索设计图	1	1	1	0
1	万年魂环	1	1	1	0
1	狐狸内丹	1	1	1	0
1	天珠内核	1	1	1	0
1	海盗匕首	1	1	1	0
1	霸王骸骨	1	1	1	0
1	先天原石	1	1	1	0
1	破天玖玉	1	1	1	0
1	鬼斧刀魂	1	1	1	0
1	五行残片	1	1	1	0
4	新武器1	1	1	1	0
4	新武器2	1	1	1	0
4	新武器3	1	1	1	0
4	神王剑	1	1	1	0
4	新武器5	1	1	1	0
4	新武器6	1	1	1	0
4	新武器7	1	1	1	0
4	新武器8	1	1	1	0
4	破馆珍剑	1	1	1	0
4	永恒之枪	1	1	1	0
4	新武器11	1	1	1	0
4	新武器12	1	1	1	0
4	新武器13	1	1	1	0
4	新武器14	1	1	1	0
3	新衣服一	1	1	1	0
3	新衣服二	1	1	1	0
3	新衣服三	1	1	1	0
3	新衣服四	1	1	1	0
3	新衣服五	1	1	1	0
3	新衣服六	1	1	1	0
3	新衣服七	1	1	1	0
3	新衣服八	1	1	1	0
3	新衣服九	1	1	1	0
3	新衣服十	1	1	1	0
3	新衣服十一	1	1	1	0
3	新衣服十二	1	1	1	0
3	新衣服十三	1	1	1	0
3	新衣服十四	1	1	1	0
1	聚宝盆(精致)	1	1	1	0
1	聚宝盆(完美)	1	1	1	0
1	聚宝盆(传奇)	1	1	1	0
1	聚宝盆(史诗)	1	1	1	0
1	聚宝盆(神话)	1	1	1	0
1	斗转星移精致MAX	1	1	1	0
1	斗转星移完美MAX	1	1	1	0
1	斗转星移传奇MAX	1	1	1	0
1	斗转星移史诗MAX	1	1	1	0
1	斗转星移神话MAX	1	1	1	0
1	女型巨人	1	1	1	0
1	鄂之巨人	1	1	1	0
1	兽之巨人	1	1	1	0
1	车夫巨人	1	1	1	0
1	战锤巨人	1	1	1	0
1	铠之巨人	1	1	1	0
1	超大巨人	1	1	1	0
1	精灵巨人	1	1	1	0
1	始祖巨人	1	1	1	0
1	地之神源	1	1	1	0
1	火之神源	1	1	1	0
1	水之神源	1	1	1	0
1	风之神源	1	1	1	0
1	BOSS唤醒符	1	1	1	0
7	真龙№天下霸主	1	1	1	0
7	混元№太极无量	1	1	1	0
7	造化№宇宙支配	1	1	1	0
7	永恒№时空掌控	1	1	1	0
1	真龙№天下霸主设计图	1	1	1	0
1	1RMB	1	1	1	0
1	2RMB	1	1	1	0
1	5RMB	1	1	1	0
1	10RMB	1	1	1	0
1	20RMB	1	1	1	0
1	50RMB	1	1	1	0
1	100RMB	1	1	1	0
1	天地⊙防	1	1	1	0
5	战神⊙帝	1	1	1	0
1	轮回⊙生	1	1	1	0
5	精灵⊙翔	1	1	1	0
5	守护⊙神	1	1	1	0
5	诅咒⊙亡	1	1	1	0
7	傀儡⊙隐	1	1	1	0
7	凤凰⊙飞	1	1	1	0
7	死亡⊙灭	1	1	1	0
7	生命⊙复	1	1	1	0
1	黑暗⊙毁	1	1	1	0
6	魔神⊙力	1	1	1	0
1	异度之力	1	1	1	0
1	地狱之力	1	1	1	0
1	极度之力	1	1	1	0
1	洪荒之力	1	1	1	0
1	极限之力	1	1	1	0
1	终极之力	1	1	1	0
1	上古之力	1	1	1	0
1	龙神之力	1	1	1	0
1	生死之力	1	1	1	0
1	霸主之力	1	1	1	0
3	回梦游仙	1	1	1	0
3	新新衣服二	1	1	1	0
3	神之创造者	1	1	1	0
3	太阳神战甲	1	1	1	0
3	光之守护神	1	1	1	0
3	白虎战甲	1	1	1	0
3	月之镜守护者	1	1	1	0
3	天后之爱	1	1	1	0
3	新新衣服九	1	1	1	0
4	爱无限	1	1	1	0
4	新新武器二	1	1	1	0
4	世界创造者	1	1	1	0
4	新新武器四	1	1	1	0
4	黑暗大邪神	1	1	1	0
4	新新武器六	1	1	1	0
4	原初混沌之核	1	1	1	0
4	新新武器八	1	1	1	0
4	新新武器九	1	1	1	0
1	天空之城（开拓碎片）	1	1	1	0
1	遗忘之城（开拓碎片）	1	1	1	0
1	洛神岛（开拓碎片）	1	1	1	0
1	临荒大陆（开拓碎片）	1	1	1	0
1	沉默之城（开拓碎片）	1	1	1	0
1	仙剑世界（开拓碎片）	1	1	1	0
1	神罚之城开拓者	1	1	1	0
1	天空之城开拓者	1	1	1	0
1	遗忘之城开拓者	1	1	1	0
1	洛神岛开拓者	1	1	1	0
1	临荒大陆开拓者	1	1	1	0
1	沉默之城开拓者	1	1	1	0
1	仙剑世界开拓者	1	1	1	0
1	乾坤一掷	1	1	1	0
5	天魃圣泉冠	1	1	1	0
5	刘晋元的竹笛	1	1	1	0
5	科学的力量	1	1	1	0
5	气剑指	1	1	1	0
7	一线牵	1	1	1	0
7	赎魂	1	1	1	0
1	天罡战气	1	1	1	0
7	禁咒封	1	1	1	0
7	赤血毒焰	1	1	1	0
1	剑神	1	1	1	0
6	酒神	1	1	1	0
1	御剑伏魔	1	1	1	0
1	魔界武林盟主	1	1	1	0
1	星沉地动	1	1	1	0
1	邪灵出壳	1	1	1	0
1	万妖之王	1	1	1	0
1	万蛊蚀天	1	1	1	0
1	五毒归元	1	1	1	0
1	五灵法阵	1	1	1	0
1	三界主宰	1	1	1	0
1	宅心仁厚	1	1	1	0
1	沉默之玉	1	1	1	0
1	沉默之火	1	1	1	0
1	沉默之源	1	1	1	0
1	沉默之晶	1	1	1	0
1	沉默之石	1	1	1	0
5	神话之手LV1	1	1	1	0
5	神话之手LV2	1	1	1	0
5	神话之手LV3	1	1	1	0
5	神话之戒LV1	1	1	1	0
5	神话之戒LV2	1	1	1	0
5	神话之戒LV3	1	1	1	0
5	魔ポ魂★神话	1	1	1	0
5	守护⊙神★神话	1	1	1	0
5	科学的力量★神话	1	1	1	0
5	混沌★★★●神话	1	1	1	0
5	诅咒⊙亡●神话	1	1	1	0
5	气剑指●神话	1	1	1	0
1	神王	1	1	1	0
1	怒火焚天	1	1	1	0
5	凡人的智慧	1	1	1	0
5	大力出奇迹	1	1	1	0
5	万神之首	1	1	1	0
5	雨落成河	1	1	1	0
7	白云遮天	1	1	1	0
7	战争首领	1	1	1	0
7	亡灵涌动	1	1	1	0
1	战争之色	1	1	1	0
1	北极星神	1	1	1	0
7	网罗天下	1	1	1	0
6	晨星主宰	1	1	1	0
1	太阳神力	1	1	1	0
1	风暴神力	1	1	1	0
1	自杀神力	1	1	1	0
1	水之神力	1	1	1	0
1	火之神力	1	1	1	0
1	狩猎神力	1	1	1	0
1	大地神力	1	1	1	0
1	天之神力	1	1	1	0
1	鹰之神力	1	1	1	0
1	守护神力	1	1	1	0
1	记路标石	1	1	1	0
1	生命之源	1	1	1	0
1	死亡之源	1	1	1	0
1	毁灭之源	1	1	1	0
1	创造之源	1	1	1	0
1	命运之源	1	1	1	0
5	万神之首★神话	1	1	1	0
5	雨落成河●神话	1	1	1	0
1	玛雅世界开拓者	1	1	1	0
1	玛雅世界（开拓碎片）	1	1	1	0
1	金之源晶	1	1	1	0
1	木之源晶	1	1	1	0
1	水之源晶	1	1	1	0
1	火之源晶	1	1	1	0
1	土之源晶	1	1	1	0
1	神炎加农	1	1	1	0
5	命运诅咒	1	1	1	0
5	苍翼之舞	1	1	1	0
5	善恶天秤	1	1	1	0
5	神拳粉碎	1	1	1	0
7	托特之知惠	1	1	1	0
7	心之治愈	1	1	1	0
1	战争使者	1	1	1	0
1	生命的礼赞	1	1	1	0
7	召雷弹	1	1	1	0
6	致命音律	1	1	1	0
7	拉神之眼	1	1	1	0
1	邪恶蛇神	1	1	1	0
1	猫之女神	1	1	1	0
1	蛙之女神	1	1	1	0
1	神圣甲虫	1	1	1	0
1	象之巨神	1	1	1	0
1	蝎之女神	1	1	1	0
1	鳄之巨神	1	1	1	0
1	羊之巨神	1	1	1	0
1	狮之巨神	1	1	1	0
1	吸血蝙蝠	1	1	1	0
1	埃及世界（开拓碎片）	1	1	1	0
1	埃及世界开拓者	1	1	1	0
1	神话之锤	1	1	1	0
1	神话之火	1	1	1	0
1	神话之水	1	1	1	0
1	神话之晶	1	1	1	0
1	斗转星移主宰MAX	1	1	1	0
1	斗转星移创世MAX	1	1	1	0
5	善恶天秤★神话	1	1	1	0
5	神拳粉碎●神话	1	1	1	0
1	伏行之混沌	1	1	1	0
5	无名之雾	1	1	1	0
5	审判之星	1	1	1	0
5	绿炎	1	1	1	0
5	梦之女巫	1	1	1	0
7	面纱粉碎者	1	1	1	0
7	无源之源	1	1	1	0
1	不净者之源	1	1	1	0
7	世界之眼	1	1	1	0
7	无形舞者	1	1	1	0
1	廷达罗斯之霸主	1	1	1	0
6	星之贪食者	1	1	1	0
1	太古永生者	1	1	1	0
1	沉默吼叫者	1	1	1	0
1	星辰吞噬者	1	1	1	0
1	空间填充者	1	1	1	0
1	黑水之神	1	1	1	0
1	黑暗沉寂者	1	1	1	0
1	灵魂猎手	1	1	1	0
1	至暗者	1	1	1	0
1	终焉行者	1	1	1	0
1	万物枯竭者	1	1	1	0
4	破馆珍剑・神化	1	1	1	0
3	白虎战甲・神化	1	1	1	0
4	爱无限・神化	1	1	1	0
3	回梦游仙・神化	1	1	1	0
4	世界创造者・神化	1	1	1	0
3	神之创造者・神化	1	1	1	0
4	黑暗大邪神・神化	1	1	1	0
3	光之守护神・神化	1	1	1	0
4	原初混沌之核・神化	1	1	1	0
3	月之镜守护者・神化	1	1	1	0
5	绿炎★神话	1	1	1	0
5	梦之女巫●神话	1	1	1	0
1	克苏鲁世界（开拓碎片）	1	1	1	0
1	克苏鲁世界开拓者	1	1	1	0
1	门之钥	1	1	1	0
1	洛基的面具	1	1	1	0
5	悲伤的前兆	1	1	1	0
5	雷神之怒	1	1	1	0
1	世界树碎片	1	1	1	0
5	斯基德普拉特尼	1	1	1	0
5	战神戒	1	1	1	0
7	那瑟斯的腰带	1	1	1	0
7	海浪滔天	1	1	1	0
1	巫妖的力量	1	1	1	0
7	海姆达尔之眼	1	1	1	0
7	丰收女神	1	1	1	0
1	希密尔之歌	1	1	1	0
6	不灭的自然	1	1	1	0
1	尘世巨蟒	1	1	1	0
1	魔之巨狼	1	1	1	0
1	死亡之力	1	1	1	0
1	霜巨人之王	1	1	1	0
1	诸神之祖	1	1	1	0
1	创造之神	1	1	1	0
1	意志的力量	1	1	1	0
1	火焰巨人	1	1	1	0
1	月亮猎犬	1	1	1	0
1	冥界守卫	1	1	1	0
4	永恒之枪・神化	1	1	1	0
3	天后之爱・神化	1	1	1	0
5	斯基德普拉特尼★神话	1	1	1	0
5	战神戒●神话	1	1	1	0
1	学徒者	1	1	1	0
1	超凡	1	1	1	0
1	传奇	1	1	1	0
1	神话	1	1	1	0
1	半神	1	1	1	0
1	下位神	1	1	1	0
1	中位神	1	1	1	0
1	上位神	1	1	1	0
1	主神	1	1	1	0
1	至高神	1	1	1	0
1	神话之源	1	1	1	0
1	大地的安宁	1	1	1	0
1	月光降临	1	1	1	0
5	智慧之光	1	1	1	0
5	无形三叉戟	1	1	1	0
5	神星舞动	1	1	1	0
5	赫拉的祝福	1	1	1	0
7	死亡空间	1	1	1	0
7	战斗的号角	1	1	1	0
7	火之连动	1	1	1	0
7	意志摧残	1	1	1	0
1	神力无敌	1	1	1	0
6	圣火	1	1	1	0
1	■■混沌■■	1	1	1	0
1	■■大地■■	1	1	1	0
1	■■深渊■■	1	1	1	0
1	■■爱情■■	1	1	1	0
1	■■黑暗■■	1	1	1	0
1	■■黑夜■■	1	1	1	0
1	■■天空■■	1	1	1	0
1	■■海洋■■	1	1	1	0
1	■■山脉■■	1	1	1	0
1	■■毁灭■■	1	1	1	0
5	神星舞动★神话	1	1	1	0
5	赫拉的祝福●神话	1	1	1	0
4	神王剑・神化	1	1	1	0
3	太阳神战甲・神化	1	1	1	0
