;怪物名 忽视防御(0~100) 增加伤害(0~255) 伤害反弹(0~100) 物伤减少(0~100) 魔伤减少(0~100) 麻痹-几率-时间(0~1 0~10 0~10) 防麻痹(0~1) 防全毒(0~1) 防火墙(0~1) 防诱惑(0~1) 破复活(0~1) 破护身(0~1)
五级战将 0 0 0 0 0 1 3 5 0 0 0 0 0 0
主宰神龙 0 0 0 0 0 0 1 0 0 0 0 0 
封神塔一层守卫 100 0 0 0 0 0 0 0 0 0 0 0 
封神塔二层守卫 100 0 0 0 0 0 0 0 0 0 0 0 
封神塔三层守卫 100 0 0 0 0 0 0 0 0 0 0 0 
封神塔四层守卫 100 0 0 0 0 0 0 0 0 0 0 0 
封神塔五层守卫 100 0 0 0 0 0 0 0 0 0 0 0 
封神塔六层守卫 100 0 0 0 0 0 0 0 0 0 0 0 
封神塔七层守卫 100 0 0 0 0 0 0 0 0 0 0 0 
封神塔八层守卫 100 0 0 0 0 0 0 0 0 0 0 0 
封神塔九层守卫 100 0 0 0 0 0 0 0 0 0 0 0  
封神塔十层守卫 100 0 0 0 0 0 0 0 0 0 0 0 
封神塔十一层守卫 100 0 0 0 0 0 0 0 0 0 0 0 
封神塔十二层守卫 100 0 0 0 0 0 0 0 0 0 0 0 
封神塔十三层守卫 100 0 0 0 0 0 0 0 0 0 0 0 
封神塔十四层守卫 100 0 0 0 0 0 0 0 0 0 0 0 
封神塔十五层守卫 100 0 0 0 0 0 0 0 0 0 0 0 
封神塔一层守卫1 100 0 0 0 0 0 0 0 0 0 0 0 
封神塔二层守卫1 100 0 0 0 0 0 0 0 0 0 0 0 
封神塔三层守卫1 100 0 0 0 0 0 0 0 0 0 0 0 
封神塔四层守卫1 100 0 0 0 0 0 0 0 0 0 0 0 
封神塔五层守卫1 100 0 0 0 0 0 0 0 0 0 0 0 
封神塔六层守卫1 100 0 0 0 0 0 0 0 0 0 0 0 
封神塔七层守卫1 100 0 0 0 0 0 0 0 0 0 0 0 
封神塔八层守卫1 100 0 0 0 0 0 0 0 0 0 0 0 
封神塔九层守卫1 100 0 0 0 0 0 0 0 0 0 0 0 
封神塔十层守卫1 100 0 0 0 0 0 0 0 0 0 0 0 
封神塔十一层守卫1 100 0 0 0 0 0 0 0 0 0 0 0 
封神塔十二层守卫1 100 0 0 0 0 0 0 0 0 0 0 0 
封神塔十三层守卫1 100 0 0 0 0 0 0 0 0 0 0 0 
封神塔十四层守卫1 100 0 0 0 0 0 0 0 0 0 0 0 
封神塔十五层守卫1 100 0 0 0 0 0 0 0 0 0 0 0 
神罚之主BOSS 100 0 0 0 0 0 0 0 1 1 0 0 
天空之主BOSS 100 0 0 0 0 0 0 0 1 1 0 0 
遗忘之主BOSS 100 0 0 0 0 0 0 0 1 1 0 0 
临荒之主BOSS 100 0 0 0 0 0 0 0 1 1 0 0 
沉默之主BOSS 100 0 0 0 0 0 0 0 1 1 0 0 
仙剑之主BOSS 100 0 0 0 0 0 0 0 1 1 0 0 
玛雅之主BOSS 100 0 0 0 0 0 0 0 1 1 0 0 
埃及之主BOSS 100 0 0 0 0 0 0 0 1 1 0 0 
克苏鲁之主BOSS 100 0 0 0 0 0 0 0 1 1 0 0 
北欧之主BOSS 100 0 0 0 0 0 0 0 1 1 0 0 
众神之主BOSS 100 0 0 0 0 0 0 0 1 1 0 0 
